-76.683	-0.4192	11.021	0.0858	-1.96	-0.0010392
-75.852	-0.6279	8.639	-0.5935	-1.96	-0.0010065
-76.532	-0.374	10.989	0.7568	-1.959	-0.0011702
-79.599	-0.4126	9.884	-0.0054	-1.958	-0.0011293
-76.6	0.1728	8.702	-0.9999	-1.958	-0.0009566
-76.047	0.5818	8.738	-0.0416	-1.958	-0.0009756
-78.17	0.4869	9.682	-0.5572	-1.957	-0.0009619
-72.996	-0.2004	10.056	0.1101	-1.957	-0.0012327
-78.52	0.096	8.766	-0.2165	-1.956	-0.0011688
-75.877	0.3346	10.511	-0.3276	-1.955	-0.0010569
-79.652	0.2294	12.23	0.0647	-1.954	-0.0010428
-78.293	-0.0704	9.542	0.1347	-1.952	-0.0012239
-73.31	0.6381	9.281	-0.445	-1.952	-0.001125
-75.484	0.1671	7.758	-0.665	-1.952	-0.0010263
-76.158	0.3753	11.766	0.678	-1.951	-0.0010941
-73.798	0.1472	9.994	0.5866	-1.951	-0.0010978
-74.539	-0.6707	9.527	-0.342	-1.95	-0.0011006
-74.568	0.1226	10.307	-0.2343	-1.949	-0.0012837
-76.8	0.3357	7.49	-0.2572	-1.949	-0.001059
-74.443	-0.2262	10.588	-0.5455	-1.948	-0.0010092
-78.867	-0.5133	9.19	0.0712	-1.948	-0.0012264
-77.288	-0.2709	8.182	0.7459	-1.948	-0.0010066
-74.435	-0.338	6.776	-0.106	-1.947	-0.001045
-75.538	0.0479	7.078	0.3619	-1.945	-0.0009645
-71.726	-0.1104	10.982	-0.2667	-1.944	-0.0011136
-75.902	-0.0321	7.846	-0.9283	-1.943	-0.0010283
-76.97	-0.0459	9.334	0.4596	-1.943	-0.0009452
-77.318	0.0941	10.215	-0.1805	-1.943	-0.0010115
-78.403	-0.157	11.235	0.1457	-1.943	-0.0010264
-74.991	0.2102	10.031	0.1882	-1.942	-0.0013076
-77.746	0.1688	11.416	-0.7986	-1.94	-0.001053
-76.434	-0.1168	11.374	-0.6774	-1.939	-0.0011253
-78.499	-0.0723	10.497	-0.4495	-1.939	-0.0011236
-75.467	-0.5827	9.794	0.118	-1.939	-0.0010132
-76.587	0.2214	11.227	0.2201	-1.938	-0.0011898
-78.897	0.5753	9.491	0.1076	-1.938	-0.0009837
-77.968	-0.4591	10.893	-0.4013	-1.937	-0.0010094
-78.608	0.3679	12.661	-0.4137	-1.937	-0.0008958
-76.066	-0.3059	11.625	-0.291	-1.936	-0.0008968
-74.916	-0.1105	11.543	0.5185	-1.936	-0.0009403
-72.505	-0.1852	8.066	-0.0596	-1.935	-0.0011245
-77.924	-0.2222	7.468	0.2502	-1.933	-0.0008951
-76.352	0.1011	6.855	0.2339	-1.933	-0.0011474
-80.072	0.2125	11.545	0.0798	-1.932	-0.0010057
-76.505	0.5197	10.278	-0.2234	-1.932	-0.0008836
-74.038	-0.2537	9.991	0.244	-1.932	-0.001281
-73.499	-0.168	9.595	0.2226	-1.932	-0.0010004
-74.929	-0.039	6.961	0.4788	-1.931	-0.0011097
-73.179	-0.1725	9.639	-0.0126	-1.931	-0.0010267
-74.689	-0.0286	9.577	-0.161	-1.929	-0.0008478
-77.932	-0.2975	10.366	0.0404	-1.929	-0.000932
-77.135	-0.0417	8.104	0.4106	-1.928	-0.0010934
-77.44	-0.1206	9.461	-0.3847	-1.928	-0.0009643
-76.308	-0.2782	9.854	-0.7003	-1.925	-0.00122
-76.149	0.6111	11.627	-0.3415	-1.925	-0.0010093
-79.854	0.4354	10.203	-0.2734	-1.925	-0.0009805
-76.37	0.4477	8.343	-0.6887	-1.925	-0.0010617
-78.026	-0.2138	10.508	0.7201	-1.925	-0.0011576
-75.71	0.5494	10.056	0.1459	-1.924	-0.0010223
-74.319	0.1809	11.85	0.2339	-1.922	-0.0011136
-74.583	0.3585	9.389	-0.2078	-1.921	-0.0008458
-75.964	-0.4233	10.511	0.9037	-1.92	-0.0009857
-73.539	0.528	9.69	0.3119	-1.92	-0.0011472
-75.223	-0.0465	6.676	-0.0542	-1.919	-0.0010657
-74.392	0.5262	8.604	0.022	-1.919	-0.0011758
-72.506	0.321	11.58	-0.0293	-1.919	-0.0010233
-73.719	0.2045	10.852	0.407	-1.918	-0.0011353
-77.254	-0.2039	8.003	0.1985	-1.918	-0.0011378
-77.296	-0.0473	11.045	0.1305	-1.917	-0.0009972
-79.713	-0.3999	11.105	0.4016	-1.917	-0.0010056
-76.2	-0.0961	10.343	0.5145	-1.917	-0.0012064
-74.544	-0.5746	10.466	0.3712	-1.916	-0.0010266
-76.531	-0.1676	8.164	-0.4003	-1.916	-0.0009637
-76.4	-0.5725	11.917	-0.1868	-1.914	-0.0010418
-78.677	-0.0126	12.501	0.1816	-1.914	-0.001093
-76.375	-0.3702	11.214	-0.5468	-1.914	-0.0011003
-74.222	-0.0343	8.633	0.8293	-1.914	-0.0010442
-78.232	-0.5333	10.61	-0.6395	-1.913	-0.0011121
-73.824	0.0536	11.49	-0.0432	-1.913	-0.0011351
-78.554	0.178	10.53	0.0156	-1.911	-0.0010063
-71.657	-0.0077	8.438	-0.1968	-1.909	-0.0011041
-80.188	0.2552	9.408	-0.186	-1.909	-0.0008275
-74.937	0.1764	8.426	0.2546	-1.909	-0.0013156
-76.942	0.4158	9.181	-0.5993	-1.907	-0.000991
-78.129	-0.3537	11.05	0.3014	-1.907	-0.0012052
-75.661	0.2439	7.229	-0.2257	-1.906	-0.0011476
-77.117	-0.5482	9.502	-0.3113	-1.903	-0.0008285
-72.053	-0.3666	12.558	-0.194	-1.902	-0.0012749
-77.479	-0.5363	8.734	0.09	-1.902	-0.0010358
-75.218	0.342	10.973	-0.4359	-1.901	-0.0010973
-74.835	-0.1958	6.291	0.1529	-1.9	-0.0012082
-74.46	-0.0162	7.854	0.6636	-1.899	-0.0011911
-78.055	-0.3532	10.656	-0.7672	-1.899	-0.0011826
-76.822	0.0615	10.979	-0.631	-1.899	-0.0012529
-74.949	0.1196	11.077	0.0552	-1.897	-0.0010995
-78.488	-0.4455	8.597	-0.3782	-1.897	-0.0010656
-77.02	0.1962	12.359	-0.4692	-1.896	-0.001066
-76.067	-0.1197	10.065	0.2738	-1.895	-0.0011287
-75.788	0.6935	10.299	-0.3321	-1.895	-0.0009411
-76.239	-0.3363	11.66	0.2579	-1.895	-0.0010605
-74.759	0.5808	8.676	0.1746	-1.895	-0.0010407
-76.062	0.3125	9.783	-0.2547	-1.895	-0.0010471
-74.458	-0.1019	8.88	0.4643	-1.894	-0.0012182
-77.413	0.3208	11.348	-0.1556	-1.892	-0.0010061
-75.828	0.1521	9.255	-0.9114	-1.892	-0.0012203
-73.177	-0.25	12.472	0.5621	-1.891	-0.0011984
-78.775	0.4068	9.02	0.0687	-1.89	-0.0010109
-76.957	0.0353	9.51	-0.4523	-1.889	-0.0010715
-73.48	-0.4626	9.892	-0.6631	-1.888	-0.0010489
-75.479	0.2408	11.282	0.8066	-1.888	-0.0011775
-73.871	-0.097	7.144	-0.561	-1.888	-0.0011964
-74.887	-0.4603	8.799	0.2703	-1.887	-0.0012414
-73.55	0.14	12.855	-0.2089	-1.886	-0.0011572
-78.993	0.2669	7.992	-0.1753	-1.885	-0.00087
-73.984	0.0197	6.12	-0.0537	-1.884	-0.0012669
-73.8	0.0756	9.234	0.4654	-1.883	-0.0009969
-76.884	0.0884	11.399	0.7792	-1.883	-0.0011182
-78.31	-0.5887	11.257	0.0256	-1.883	-0.0012106
-76.623	0.3024	8.775	0.0068	-1.882	-0.0010026
-76.796	-0.1245	7.542	-0.4991	-1.882	-0.0011281
-78.822	-0.3023	12.399	-0.5111	-1.882	-0.0008753
-74.524	0.5521	10.008	0.2323	-1.882	-0.0008524
-76.922	0.2518	11.711	0.1543	-1.882	-0.0009587
-76.8	-0.0553	10.756	0.0368	-1.881	-0.0011142
-76.913	-0.1354	10.261	-0.4878	-1.88	-0.0010609
-72.946	-0.0619	10.219	-0.3597	-1.88	-0.0009547
-76.538	-0.2635	11.073	0.4934	-1.879	-0.0012198
-76.934	-0.728	10.233	0.3632	-1.873	-0.0008866
-77.962	-0.118	8.91	0.1	-1.873	-0.0011186
-76.357	0.047	10.336	-0.1445	-1.873	-0.0010335
-73.883	0.7275	10.833	-0.1918	-1.872	-0.0011594
-77.682	0.3298	8.594	0.4358	-1.872	-0.0009223
-79.258	0.1904	10.474	-0.666	-1.872	-0.0011029
-71.567	0.1893	10.502	0.1555	-1.871	-0.0012604
-74.716	-0.7997	8.432	0.1367	-1.871	-0.0012038
-75.1	0.4628	10.036	-0.522	-1.871	-0.0013265
-72.417	0.0984	8.998	0.5538	-1.87	-0.0011015
-75.905	0.5873	10.165	-0.362	-1.87	-0.0011491
-73.282	-0.0788	9.076	-0.8725	-1.87	-0.0011557
-74.416	-0.2284	7.839	-0.0027	-1.869	-0.00092
-75.253	-0.3679	10.17	0.5875	-1.867	-0.0011047
-73.78	0.1468	10.885	-0.1567	-1.866	-0.0009832
-79.546	-0.4523	10.324	0.6552	-1.866	-0.0009269
-76.186	-0.0106	8.66	0.3711	-1.866	-0.0012865
-75.935	0.4317	10.144	0.4579	-1.866	-0.0010266
-76.842	0.2335	9.135	-0.5849	-1.866	-0.0008975
-75.107	0.6169	10.986	-0.3584	-1.865	-0.0010256
-75.231	-0.035	10.435	0.1542	-1.864	-0.0011287
-77.617	0.1127	7.933	0.5273	-1.862	-0.0009193
-75.717	-0.3121	11.089	-0.0127	-1.862	-0.0010066
-74.086	-0.0728	8.919	-0.5421	-1.861	-0.001192
-76.165	-0.4976	10.427	-0.6495	-1.859	-0.000963
-77.499	-0.1377	12.072	-0.2757	-1.859	-0.0008403
-79.754	0.1704	7.82	-0.0928	-1.859	-0.0009364
-79.321	-0.2934	8.944	0.3822	-1.859	-0.0011734
-72.209	-0.1246	10.62	-0.0813	-1.858	-0.0008415
-77.134	-0.3069	11.308	0.2414	-1.858	-0.0008916
-78.629	0.3395	10.752	-0.2798	-1.857	-0.0010979
-75.79	0.4405	11.159	0.3581	-1.856	-0.0011209
-73.669	-0.0879	9.204	0.2766	-1.855	-0.0012303
-77.811	-0.0531	8.198	0.1182	-1.854	-0.0011128
-72.514	-0.3883	11.668	0.3611	-1.854	-0.0012173
-77.721	-0.2068	11.547	-0.8872	-1.854	-0.0010418
-72.961	0.1825	7.797	0.0308	-1.854	-0.000971
-78.753	-0.5114	10.469	-0.2418	-1.853	-0.0009882
-73.032	0.2118	10.65	-0.1589	-1.852	-0.00103
-75.528	0.4712	11.442	-0.1968	-1.851	-0.0010953
-78.235	-0.3247	8.381	-0.006	-1.849	-0.0010183
-76.576	-0.388	12.957	-0.2116	-1.848	-0.0012428
-74.215	0.076	9.284	0.3973	-1.847	-0.0011668
-74.111	0.2421	10.987	0.333	-1.843	-0.0012585
-77.548	-0.2249	10.779	-0.4092	-1.843	-0.0010149
-76.422	0.1858	9.473	-0.2841	-1.843	-0.0012256
-75.567	-0.4704	9.527	0.3588	-1.843	-0.0011447
-76.118	0.4689	10.688	-0.1351	-1.842	-0.0010713
-74.262	-0.0829	11.984	0.0756	-1.842	-0.0011039
-73.582	0.4523	8.429	-0.4243	-1.841	-0.0009336
-70.853	0.1877	10.668	-0.5374	-1.84	-0.0013106
-75.107	0.4538	9.754	0.2789	-1.84	-0.0011426
-78.719	0.0627	7.856	-0.527	-1.839	-0.0010346
-74.206	-0.6503	10.868	0.1846	-1.838	-0.0010223
-75.57	0.4157	8.001	0.6079	-1.837	-0.0011149
-78.389	-0.5053	10.731	-0.3089	-1.836	-0.0009157
-79.196	0.6619	9.692	0.154	-1.834	-0.0008904
-79.021	-0.0448	10.765	-0.1517	-1.834	-0.0009787
-75.147	0.4018	9.444	-0.4272	-1.834	-0.0011769
-76.065	0.294	12.154	-0.403	-1.833	-0.0009866
-80.555	-0.1755	9.328	0.3764	-1.833	-0.0009406
-73.842	-0.0727	9.568	0.1923	-1.833	-0.0010056
-75.871	0.0595	9.11	-0.0881	-1.832	-0.0013348
-78.31	-0.626	11.219	-0.2296	-1.831	-0.0010368
-77.463	0.334	7.897	-0.0738	-1.83	-0.0009915
-79.185	0.1381	10.381	0.4063	-1.83	-0.0009815
-74.323	-0.2416	10.513	0.874	-1.83	-0.0012944
-76.653	-0.0668	9.923	0.4206	-1.83	-0.0012073
-77.471	0.3174	7.608	0.4507	-1.828	-0.0009623
-74.501	-0.2432	9.51	-0.7879	-1.828	-0.0010378
-78.081	0.4804	12.96	0.1708	-1.827	-0.0009659
-77.003	0.6233	11.998	-0.2739	-1.826	-0.0010625
-78.681	0.1615	11.483	-0.1366	-1.826	-0.0011118
-78.614	0.2723	9.924	-0.1055	-1.826	-0.0012109
-76.067	0.653	11.296	-0.1013	-1.825	-0.0012318
-79.729	0.0513	11.466	-0.6541	-1.823	-0.0010183
-76.628	-0.4374	11.716	0.129	-1.822	-0.0008755
-73.921	-0.2556	7.47	-0.5113	-1.82	-0.0009843
-74.245	-0.1851	8.604	0.0927	-1.819	-0.0011707
-76.673	0.0037	13.274	0.3732	-1.819	-0.0009539
-74.102	0.1153	10.991	0.4527	-1.818	-0.0012498
-77.934	0.4418	12.968	-0.1259	-1.817	-0.0010283
-77.283	-0.0004	9.735	-0.2117	-1.816	-0.0010142
-71.947	-0.1885	10.711	-0.508	-1.815	-0.0012935
-78.424	-0.207	12.453	-0.3478	-1.814	-0.0009722
-77.682	-0.1414	7.208	-0.1651	-1.814	-0.0008776
-78.727	0.1819	12.407	0.2545	-1.813	-0.0009094
-76.22	-0.1541	11.493	-0.5232	-1.812	-0.0011109
-73.236	0.4301	9.032	-0.112	-1.812	-0.0010399
-71.565	-0.3529	9.713	-0.1958	-1.812	-0.0012239
-78.044	0.497	8.925	-0.1427	-1.811	-0.0011156
-73.916	0.7792	9.89	0.2224	-1.811	-0.0010439
-73.82	-0.1531	10.199	-0.1485	-1.811	-0.001177
-78.368	-0.0976	11.562	0.3516	-1.809	-0.0008641
-74.559	0.1464	13.071	0.049	-1.808	-0.0009454
-71.294	0.2332	10.477	0.5809	-1.808	-0.0013119
-75.643	-0.4152	8.035	0.4824	-1.808	-0.0009469
-81.601	-0.1985	9.811	-0.2757	-1.807	-0.0008399
-78.129	0.3806	11.506	-0.3262	-1.806	-0.0010899
-74.143	-0.4847	11.416	0.4225	-1.806	-0.0012
-79.769	0.0043	11.234	-0.0865	-1.806	-0.0009675
-75.378	0.1919	8.476	0.9362	-1.806	-0.0012694
-77.646	-0.0383	10.255	-0.9804	-1.806	-0.0010442
-76.724	-0.5618	10.164	-0.5529	-1.805	-0.0011622
-76.655	0.6241	9.665	-0.0337	-1.805	-0.0008679
-73.794	-0.5104	10.031	-0.4932	-1.802	-0.001132
-75.547	-0.4921	9.638	0.357	-1.802	-0.0010401
-75.88	0.1708	8.224	0.871	-1.8	-0.0008298
-76.971	0.5195	10.934	0.4812	-1.8	-0.0010813
-79.515	-0.4456	9.746	-0.0762	-1.799	-0.0011343
-77.583	0.3476	7.862	0.7349	-1.799	-0.0009405
-72.841	0.0994	11.814	-0.3744	-1.799	-0.0009461
-75.995	-0.2531	12.199	0.3697	-1.799	-0.0008733
-76.575	0.5812	8.646	0.396	-1.798	-0.0012985
-73.53	0.0816	10.061	-0.4203	-1.798	-0.0010442
-75.173	0.2517	9.496	0.1275	-1.797	-0.0013138
-74.701	0.4352	9.472	0.142	-1.796	-0.0011724
-72.965	0.2469	10.54	0.0721	-1.796	-0.0011067
-75.078	0.553	10.054	-0.6748	-1.796	-0.0010218
-73.825	0.0199	11.525	-0.7812	-1.794	-0.0009904
-73.465	-0.161	10.333	0.4014	-1.793	-0.0011738
-77.437	0.1169	6.106	0.1508	-1.793	-0.0008717
-72.559	0.234	9.159	-0.0009	-1.792	-0.0010207
-75.155	-0.0258	6.955	0.0812	-1.791	-0.0010912
-75.37	0.3258	10.569	0.5698	-1.791	-0.0009602
-77.411	0.4153	9.321	-0.757	-1.791	-0.0009601
-75.866	-0.2399	8.198	0.3805	-1.79	-0.0012617
-74.196	0.1865	12.763	-0.1959	-1.79	-0.0011115
-77.824	0.0612	9.383	0.0725	-1.789	-0.0009292
-74.618	-0.4311	10.663	-0.4688	-1.789	-0.0009542
-73.238	-0.1698	11.767	0.3964	-1.787	-0.000983
-75.247	0.2494	9.818	0.8298	-1.784	-0.001167
-77.077	0.2244	8.864	-0.3992	-1.783	-0.0012617
-77.51	0.3189	12.277	-0.2701	-1.783	-0.0009381
-78.946	0.4049	11.459	0.1669	-1.783	-0.0012456
-74.89	-0.2236	12.599	-0.2899	-1.782	-0.0008953
-72.875	0.1703	6.822	0.0485	-1.781	-0.00129
-76.961	0.2932	11.783	-0.6571	-1.78	-0.0009347
-80.271	-0.2257	10.55	0.1795	-1.78	-0.0009754
-73.929	-0.213	10.843	-0.66	-1.779	-0.001119
-71.941	-0.2778	7.978	0.3642	-1.778	-0.0013338
-73.964	0.381	10.196	0.0005	-1.777	-0.001299
-72.559	-0.4234	9.694	-0.4498	-1.777	-0.0011714
-73.488	-0.0605	10.458	0.4692	-1.776	-0.001198
-74.181	-0.2072	12.011	-0.1596	-1.776	-0.0009888
-75.194	-0.1462	8.27	-0.2284	-1.775	-0.0009361
-76.672	0.3352	9.69	-0	-1.775	-0.0009258
-73.757	0.4889	10.275	-0.1097	-1.774	-0.0010002
-73.111	-0.4994	9.965	-0.4865	-1.773	-0.0011936
-77.452	-0.4376	10.549	-0.512	-1.773	-0.0009746
-77.523	-0.6992	10.191	-0.3784	-1.773	-0.0010516
-77.946	-0.535	11.918	-0.2015	-1.772	-0.0012383
-75.69	-0.0715	7.138	-0.1821	-1.772	-0.0009322
-73.043	0.1228	12.661	0.2948	-1.771	-0.0012609
-78.525	0.0794	9.908	-0.5103	-1.77	-0.0011807
-75.139	-0.5565	9.852	-0.2543	-1.77	-0.0011053
-79.507	0.2412	9.941	0.0906	-1.769	-0.001107
-74.743	-0.0271	9.168	0.3846	-1.768	-0.0010429
-77.127	-0.1019	11.384	-0.0837	-1.768	-0.0008824
-75.792	-0.0382	10.892	-0.4225	-1.768	-0.0009202
-76.212	0.2691	8.333	0.5107	-1.766	-0.0011194
-78.868	-0.0044	12.569	0.6952	-1.766	-0.0009126
-71.888	0.3762	11.656	0.1803	-1.766	-0.0012594
-74.053	0.1913	10.379	0.8609	-1.765	-0.000969
-76.191	-0.5417	10.185	0.8063	-1.765	-0.0012081
-73.543	0.509	7.58	0.5362	-1.765	-0.0012527
-74.749	-0.6807	9.823	-0.0877	-1.764	-0.001049
-75.924	0.3183	8.284	-0.7642	-1.762	-0.0009885
-74.065	-0.0191	9.887	-0.4614	-1.758	-0.0012104
-77.332	-0.2554	7.25	-0.2094	-1.757	-0.001326
-75.112	-0.4688	10.657	-0.1828	-1.756	-0.0008885
-75.727	0.085	7.588	0.1266	-1.755	-0.0012359
-73.325	-0.103	12.769	-0.104	-1.755	-0.0012292
-74.815	-0.5658	11.202	-0.6401	-1.754	-0.0009542
-75.335	0.0319	11.932	0.2781	-1.754	-0.0010614
-73.283	-0.1192	8.616	-0.3753	-1.75	-0.0010672
-75.004	0.5911	12.498	0.1834	-1.747	-0.0010581
-71.511	-0.4212	10.627	0.0425	-1.747	-0.001223
-80.548	0.3195	8.698	-0.0159	-1.747	-0.0009039
-76.153	-0.4227	8.749	0.0615	-1.747	-0.0009933
-76.654	-0.4908	7.713	-0.3836	-1.745	-0.0008314
-76.87	0.2024	12.447	0.5595	-1.745	-0.0011488
-77.423	0.7431	9.431	0.324	-1.745	-0.0011758
-76.84	-0.2052	9.725	0.115	-1.745	-0.0010391
-75.017	0.1099	11.739	0.1703	-1.745	-0.001084
-77.447	0.0781	10.787	-0.4286	-1.744	-0.001238
-75.158	0.2811	10.902	-0.9219	-1.742	-0.0012773
-77.046	0.087	11.457	-0.7574	-1.741	-0.0011554
-74.252	-0.4489	9.436	-0.1936	-1.74	-0.0008948
-76.52	-0.3364	8.899	0.61	-1.74	-0.0008734
-75.707	-0.8457	10.475	-0.1709	-1.74	-0.0011064
-73.596	-0.3059	12.181	-0.3785	-1.739	-0.0011933
-78.206	-0.0901	8.389	-0.6613	-1.738	-0.001227
-73.638	-0.514	11.701	0.2149	-1.738	-0.0011923
-77.743	-0.1153	9.894	-0.5655	-1.737	-0.0011406
-76.203	-0.1003	11.753	0.5157	-1.736	-0.0012556
-74.185	0.3521	9.607	0.9065	-1.736	-0.0012189
-75.406	-0.5605	10.293	0.0987	-1.736	-0.0012021
-80.021	-0.2783	10.69	-0.1303	-1.736	-0.0011822
-73.356	-0.3873	11.992	-0.2048	-1.735	-0.0010901
-75.027	0.254	10.894	0.3932	-1.735	-0.0010487
-77.633	-0.2754	11.745	0.6543	-1.734	-0.0011843
-77.274	0.0877	9.309	-0.8861	-1.733	-0.0009742
-76.945	-0.3362	10.745	-0.752	-1.732	-0.0011866
-79.033	0.2072	8.483	-0.3091	-1.732	-0.0008775
-74.932	0.3022	10.483	0.0598	-1.731	-0.0012864
-76.167	0.0573	10.499	0.8935	-1.731	-0.0012131
-75.938	0.1986	13.026	-0.1245	-1.73	-0.0009089
-80.364	-0.5317	11.029	-0.3062	-1.729	-0.0008824
-74.727	-0.4685	11.428	0.5552	-1.726	-0.0010946
-77.81	-0.1683	8.21	0.4408	-1.726	-0.0011886
-75.1	0.4706	10.539	-0.8878	-1.726	-0.001198
-75.524	-0.2953	10.855	-0.571	-1.726	-0.0011125
-77.168	0.4735	11.139	-0.2366	-1.726	-0.0011792
-76.66	0.0222	10.135	0.7737	-1.726	-0.0009062
-74.273	-0.2087	10.692	0.4617	-1.726	-0.0010554
-74.627	0.116	10.467	-0.5667	-1.726	-0.0010553
-78.376	-0.3876	12.56	-0.5216	-1.725	-0.0009039
-78.84	0.1775	8.185	0.3228	-1.725	-0.0010374
-75.406	-0.0952	11.161	0.2844	-1.725	-0.0011667
-75.587	0.4092	9.158	-0.0788	-1.725	-0.0012058
-77.852	0.1919	11.279	-0.0193	-1.724	-0.0011697
-73.714	-0.1469	8.655	-0.0981	-1.724	-0.000944
-78.171	0.4162	10.077	-0.3788	-1.724	-0.0012201
-75.447	0.2146	7.893	-0.6097	-1.723	-0.0010696
-75.998	0.2032	11.641	-0.7274	-1.723	-0.0010897
-73.804	0.2386	12.255	0.447	-1.72	-0.0012857
-71.981	-0.1902	8.98	0.7142	-1.718	-0.0012773
-73.775	0.4574	9.204	-0.2707	-1.717	-0.0010101
-75.572	-0.1329	9.748	-0.975	-1.717	-0.0011534
-77.407	0.082	8.668	0.1743	-1.713	-0.0009354
-73.698	0.1679	10.487	0.2927	-1.712	-0.0010113
-75.992	-0.0279	11.251	-0.9345	-1.712	-0.0011529
-77.769	0.167	9.869	-0.2977	-1.71	-0.0010727
-73.902	0.1071	12.094	0.4695	-1.71	-0.0012624
-78.583	-0.413	9.759	-0.0167	-1.71	-0.0011604
-77.244	0.0944	8.956	0.763	-1.708	-0.0011481
-74.802	-0.3021	12.193	-0.4416	-1.705	-0.0009418
-75.662	-0.2134	10.862	-0.2916	-1.705	-0.0012175
-77.062	0.4978	11.031	-0.2737	-1.704	-0.0011348
-72.439	-0.1246	8.875	0.0589	-1.704	-0.0011446
-79.564	-0.495	11.77	-0.2165	-1.703	-0.0010077
-72.447	-0.0258	10.114	-0.0888	-1.703	-0.0012503
-77.792	-0.5213	8.611	-0.547	-1.702	-0.0010776
-76.212	-0.2205	9.515	0.1237	-1.701	-0.0010816
-75.448	-0.4351	12.709	-0.2692	-1.699	-0.0012658
-76.836	0.3872	7.272	0.3865	-1.699	-0.0011228
-73.86	-0.1089	9.952	0.0682	-1.699	-0.0011916
-73.893	-0.1094	8.915	-0.6442	-1.699	-0.001136
-78.574	0.056	11.094	-0.0397	-1.699	-0.0011484
-73.166	-0.5457	10.838	-0.1387	-1.698	-0.0009672
-75.202	-0.2507	11.65	-0.8808	-1.697	-0.0011104
-77.454	-0.2212	9.169	-0.338	-1.697	-0.0010391
-78.034	0.4007	8.55	-0.4266	-1.697	-0.0012333
-73.703	0.5838	8.629	-0.425	-1.696	-0.0010331
-77.17	-0.227	10.903	-0.1574	-1.695	-0.0013245
-79.705	0.0011	9.265	0.4399	-1.695	-0.0010302
-78.01	0.0662	12.805	-0.1867	-1.695	-0.0009608
-79.785	-0.529	11.229	0.4008	-1.693	-0.0009703
-74.332	0.4258	9.018	0.121	-1.692	-0.0012237
-79.713	0.1289	10.507	-0.2932	-1.692	-0.0010898
-76.116	0.6585	11.464	0.1137	-1.689	-0.001297
-74.975	-0.0057	7.999	-0.2063	-1.689	-0.0011396
-74.589	-0.3753	11.31	0.2404	-1.687	-0.0012921
-73.783	0.1423	10.747	-0.0696	-1.687	-0.0011271
-74.821	0.2548	9.428	0.8277	-1.687	-0.0011755
-78.487	-0.1638	8.928	0.5575	-1.686	-0.0008988
-74.185	-0.1236	8.298	0.0343	-1.686	-0.0010786
-75.302	0.3463	8.142	0.7174	-1.686	-0.0008892
-77.249	-0.105	13.691	-0.1982	-1.685	-0.0009267
-77.494	-0.2569	8.799	0.5565	-1.685	-0.0012457
-78.868	0.2869	10.516	0.3782	-1.685	-0.0011231
-79.05	0.1568	9.533	0.4555	-1.683	-0.0012113
-79.138	-0.2188	9.306	-0.2197	-1.68	-0.0009989
-79.732	0.0907	11.949	-0.0662	-1.68	-0.0011439
-79.124	-0.0278	7.737	0.0529	-1.68	-0.0009525
-79.343	-0.1456	10.512	-0.2639	-1.679	-0.0010614
-75.717	-0.2372	9.72	0.5891	-1.678	-0.0009096
-77.659	0.3181	12.664	-0.6189	-1.676	-0.0009943
-73.331	-0.0981	13.306	-0.0195	-1.675	-0.001123
-74.219	0.0271	12.31	-0.3383	-1.674	-0.0009712
-72.867	0.3148	9.247	-0.0633	-1.674	-0.0009596
-73.972	0.1133	6.981	0.4608	-1.672	-0.0010274
-79.211	-0.1738	11.043	-0.6097	-1.672	-0.0009554
-79.753	-0.2436	10.096	-0.0485	-1.671	-0.0010317
-74.969	-0.4344	10.192	-0.3928	-1.671	-0.0012298
-80.166	0.2691	9.576	0.4076	-1.67	-0.000999
-77.219	0.1373	11.386	0.1899	-1.669	-0.0010366
-77.666	-0.1854	8.435	-0.0326	-1.669	-0.0009462
-73.386	0.0289	8.193	0.262	-1.667	-0.0011422
-76.746	0.7111	10.24	0.2604	-1.667	-0.0008932
-77.216	-0.3882	10.599	0.5771	-1.667	-0.0010771
-73.309	-0.431	9.499	-0.6387	-1.666	-0.0011901
-76.338	0.3248	13.13	0.0853	-1.665	-0.0009589
-72.972	0.2066	11.105	-0.1085	-1.663	-0.0009277
-74.448	-0.3063	9.705	0.053	-1.663	-0.0012369
-78.938	-0.2424	11.366	0.6356	-1.662	-0.0010742
-78.631	-0.6029	11.86	0.2482	-1.662	-0.000886
-78.996	0.252	10.479	-0.6568	-1.661	-0.0010465
-74.516	0.4227	10.928	0.3096	-1.661	-0.0012179
-73.111	0.1688	10.526	-0.0589	-1.659	-0.0012663
-77.611	-0.1967	10.859	-0.6511	-1.658	-0.0011612
-76.964	-0.466	12.428	-0.1773	-1.657	-0.0011114
-79.041	0.0904	8.422	-0.7148	-1.656	-0.000872
-73.411	0.3685	9.571	-0.064	-1.655	-0.0013262
-79.068	0.2341	10.598	0.3443	-1.655	-0.0011041
-78.975	0.5559	8.135	-0.0166	-1.655	-0.0009061
-75.811	0.1899	9.985	0.9398	-1.654	-0.0011457
-74.414	0.593	11.398	0.301	-1.654	-0.0010315
-74.113	0.4298	9.523	0.3186	-1.65	-0.000945
-75.592	0.3516	11.012	-0.4721	-1.649	-0.0011093
-75.642	0.1727	7.184	-0.5076	-1.646	-0.0010577
-73.148	0.5085	8.944	-0.1101	-1.643	-0.0012501
-75.275	0.163	10.875	-0.7447	-1.643	-0.0010937
-79.051	-0.0584	9.753	-0.4149	-1.643	-0.0010396
-76.447	-0.0346	8.754	-0.1819	-1.643	-0.0009436
-76.725	-0.009	11.364	-0.4947	-1.642	-0.0010858
-73.772	-0.3509	10.569	0.5472	-1.642	-0.0010952
-71.737	0.3839	10.526	0.0444	-1.642	-0.0012259
-73.901	-0.3854	10.659	0.2541	-1.641	-0.0009528
-72.795	-0.238	8.546	0.3258	-1.641	-0.0011123
-78.175	-0.3476	9.888	0.8719	-1.641	-0.000982
-73.075	0.6965	10.166	0.3797	-1.639	-0.0011953
-76.5	-0.1347	11.517	0.5907	-1.639	-0.0009471
-76.97	-0.4845	10.969	-0.511	-1.638	-0.001307
-73.524	0.1516	11.26	0.7512	-1.638	-0.0011906
-77.439	-0.2434	9.686	-0.6658	-1.637	-0.0011086
-78.741	-0.02	9.29	0.0559	-1.637	-0.0011279
-74.451	-0.4682	10.525	0.0447	-1.637	-0.0009771
-78.997	-0.2169	11.053	0.1837	-1.636	-0.0011268
-76.7	0.0845	8.979	-0.1206	-1.636	-0.0011234
-80.277	-0.1452	9.935	-0.6201	-1.636	-0.0008275
-75.92	0.0651	9.896	0.0352	-1.635	-0.0009701
-79.57	-0.0662	10.335	0.5275	-1.635	-0.0009854
-75.214	0.1463	8.885	-0.3466	-1.635	-0.0008663
-76.032	-0.0552	11.806	-0.3829	-1.635	-0.0010989
-77.619	-0.1194	12.784	0.1165	-1.634	-0.0012996
-78.226	-0.1877	11.901	-0.0857	-1.634	-0.0011011
-76.099	-0.4935	9.078	-0.245	-1.634	-0.0010993
-75.4	0.048	10.855	0.4605	-1.632	-0.0011451
-78.414	-0.0639	9.373	-0.4957	-1.632	-0.001052
-76.299	-0.3282	12.882	0.3592	-1.632	-0.0008283
-79.893	0.4044	9.578	-0.4605	-1.632	-0.0009708
-73.888	0.0043	8.997	0.4143	-1.631	-0.0012106
-74.689	0.3422	9.339	-0.206	-1.631	-0.0012513
-75.223	0.0553	10.539	-0.5394	-1.63	-0.00114
-79.594	0.5085	12.249	0.2164	-1.63	-0.0008535
-74.84	-0.1308	9.267	0.1216	-1.629	-0.0011135
-75.801	0.638	9.839	-0.3524	-1.629	-0.0011996
-76.747	-0.2382	8.565	0.0511	-1.629	-0.0011402
-72.755	-0.1383	11.899	-0.5378	-1.628	-0.0011078
-75.792	-0.1041	9.185	-0.6118	-1.628	-0.0009636
-72.78	0.1595	7.199	-0.1029	-1.625	-0.0012272
-76.226	-0.0994	7.099	-0.5486	-1.624	-0.0010036
-75.363	-0.0907	12.838	0.4024	-1.624	-0.0010183
-75.763	-0.2069	10.237	0.2445	-1.623	-0.0010568
-79.387	-0.231	8.476	-0.5176	-1.623	-0.0008824
-71.595	0.3656	11.144	0.0367	-1.622	-0.0012633
-78.741	0.5145	9.722	0.199	-1.619	-0.0009008
-72.921	-0.3918	7.638	0.2942	-1.618	-0.0012782
-76.386	0.3864	10.731	-0.7096	-1.618	-0.0009288
-77.679	0.6308	9.112	-0.1648	-1.617	-0.0009225
-79.315	0.6442	8.909	-0.2284	-1.617	-0.0008978
-76.77	0.3394	9.195	-0.0406	-1.615	-0.0011032
-78.009	-0.0294	7.667	-0.1788	-1.615	-0.0008578
-78.368	0.5726	10.563	0.3868	-1.615	-0.0009384
-76.665	0.0556	12.729	-0.5249	-1.612	-0.0012105
-74.275	0.2634	9.246	0.4871	-1.612	-0.0009919
-76.259	0.5208	9.286	-0.4795	-1.611	-0.0010151
-75.959	-0.0494	8.967	0.0487	-1.611	-0.0013008
-77.847	-0.2582	9.827	0.6323	-1.611	-0.0012422
-76.168	-0.4017	11.076	0.4941	-1.611	-0.0010058
-75.069	0.3491	7.749	-0.3228	-1.61	-0.0010837
-72.561	0.3676	12.671	0.2256	-1.609	-0.0011891
-74.525	0.2311	11.23	-0.4243	-1.608	-0.0012607
-74.673	-0.1741	8.993	-0.4526	-1.608	-0.0011844
-74.461	0.2339	11.33	0.1844	-1.606	-0.0011315
-77.78	-0.2626	10.615	0.2323	-1.605	-0.0010603
-72.187	0.2383	9.627	0.224	-1.605	-0.0012356
-74.276	-0.0183	8.36	-0.0205	-1.604	-0.0009792
-73.587	0.6724	11.67	-0.2274	-1.602	-0.001187
-74.634	-0.2236	9.95	0.5667	-1.602	-0.0011448
-77.659	0.0366	9.223	-0.4965	-1.601	-0.0009202
-73.462	0.1524	9.37	0.4774	-1.601	-0.0012707
-74.692	0.357	11.591	0.0323	-1.6	-0.001249
-74.498	-0.1345	9.134	0.3365	-1.599	-0.0011809
-76.76	-0.1474	8.586	-0.0973	-1.599	-0.0010322
-76.744	0.0923	11.544	0.1308	-1.597	-0.0011011
-77.212	0.0629	7.126	0.0852	-1.597	-0.0008981
-73.983	0.3481	10.883	0.2199	-1.596	-0.0012412
-75.843	-0.1673	8.172	-0.9159	-1.593	-0.0010944
-74.199	0.4586	11.058	0.2844	-1.592	-0.0009375
-77.558	0.1271	11.554	-0.7939	-1.591	-0.0009687
-75.588	0.5692	11.219	-0.0662	-1.59	-0.0010392
-79.208	0.0696	12.309	0.1791	-1.589	-0.0008281
-78.531	0.2954	11.602	-0.6159	-1.589	-0.0009735
-74.837	-0.4131	7.346	-0.4547	-1.589	-0.00105
-75.449	0.6535	9.603	-0.3468	-1.588	-0.0011021
-77.174	0.028	10.221	-0.1637	-1.586	-0.001239
-73.77	-0.2802	12.915	-0.3229	-1.586	-0.0009893
-76.645	-0.6043	10.914	-0.5401	-1.585	-0.001209
-74.096	-0.1782	8.322	0.2692	-1.585	-0.0009843
-75.792	-0.3341	11.328	-0.7475	-1.585	-0.0011066
-78.813	-0.0818	8.333	0.7245	-1.584	-0.0010559
-74.194	0.2005	13.357	-0.1117	-1.584	-0.0009921
-72.746	0.6314	11.908	-0.1888	-1.582	-0.0012105
-73.94	-0.4242	9.187	-0.0598	-1.58	-0.0011725
-77.651	-0.1893	9.588	0.4163	-1.579	-0.0010684
-77.966	0.5514	11.448	0.0139	-1.579	-0.0009025
-74.706	-0.1561	10.371	0.5107	-1.579	-0.0008979
-78.304	0.0315	9.482	-0.3994	-1.577	-0.0010355
-73.733	0.1743	10.344	0.5607	-1.576	-0.0009509
-74.799	0.6748	10.583	-0.1659	-1.572	-0.0010253
-78.197	-0.537	10.157	-0.3145	-1.569	-0.0010739
-76.423	-0.029	7.378	-0.4255	-1.568	-0.0011096
-76.273	-0.4469	12.093	-0.2074	-1.566	-0.0012133
-72.402	0.5503	10.631	-0.2453	-1.565	-0.0010906
-75.655	-0.4298	10.578	-0.2884	-1.563	-0.0010863
-75.636	0.6655	11.51	0.0425	-1.561	-0.0011782
-73.382	0.4406	9.207	-0.128	-1.56	-0.0011939
-75.112	-0.3157	8.602	-0.4057	-1.56	-0.0011056
-75.991	0.2787	7.971	0.6519	-1.559	-0.0011484
-72.196	-0.0141	6.792	-0.0268	-1.559	-0.0012168
-79.784	-0.0873	9.003	-0.453	-1.559	-0.0011865
-76.356	-0.114	8.287	-0.8094	-1.558	-0.0010874
-75.38	0.544	9.338	0.4536	-1.556	-0.0010192
-76.345	-0.0717	11.925	-0.7332	-1.555	-0.0011305
-73.097	0.1654	10.652	-0.2519	-1.555	-0.0009667
-74.889	0.2726	11.818	-0.2063	-1.555	-0.0011463
-77.062	0.6902	11.126	0.1525	-1.554	-0.0012055
-76.194	-0.062	7.553	0.621	-1.553	-0.0011043
-75.177	-0.1236	8.525	0.0724	-1.553	-0.0011013
-77.842	-0.0069	9.685	0.4665	-1.553	-0.0011503
-74.828	-0.5263	9.409	-0.5662	-1.55	-0.0010795
-76.808	0.362	10.001	0.4629	-1.55	-0.0011677
-74.76	-0.1775	6.953	0.5937	-1.548	-0.0010605
-76.05	-0.1623	9.629	-0.0174	-1.547	-0.0009363
-78.36	-0.0344	11.017	0.65	-1.546	-0.0011592
-71.732	0.4769	9.906	-0.1778	-1.546	-0.0013127
-77.44	0.2869	10.959	0.5354	-1.546	-0.0011803
-75.855	0.0318	11.007	0.0772	-1.545	-0.0008343
-76.699	-0.6633	9.601	-0.0787	-1.545	-0.0009915
-77.632	-0.4837	8.914	-0.4904	-1.544	-0.0011102
-79.623	-0.5098	9.171	-0.2794	-1.542	-0.000905
-78.482	-0.2942	7.716	0.4385	-1.54	-0.0009139
-78.549	0.5584	8.038	-0.1941	-1.54	-0.0010422
-75.093	0.6123	10.289	0.6707	-1.539	-0.0010713
-73.74	-0.3383	9.291	-0.6806	-1.539	-0.0009265
-77.109	-0.1835	12.512	0.4072	-1.539	-0.00113
-76.94	-0.339	8.506	0.4539	-1.538	-0.0010188
-76.368	0.0277	11.762	0.2393	-1.538	-0.0009873
-75.419	0.0519	7.661	0.6962	-1.536	-0.0011267
-72.462	-0.0975	7.499	-0.2463	-1.536	-0.0012349
-77.743	0.0407	10.166	0.1289	-1.536	-0.0011565
-76.616	-0.0923	10.194	0.6147	-1.536	-0.0013196
-76.674	-0.4043	9.996	-0.1898	-1.536	-0.000922
-76.619	0.3188	12.183	0.1788	-1.535	-0.0010482
-74.052	0.1717	8.121	0.7775	-1.534	-0.0011182
-71.923	-0.1922	8.752	-0.5643	-1.531	-0.0013031
-80.196	0.0614	11.152	0.5744	-1.529	-0.0009687
-75.269	-0.0722	11.652	-0.204	-1.529	-0.0008671
-77.661	0.569	8.317	-0.3199	-1.528	-0.0010264
-78.169	0.0404	10.062	0.6299	-1.527	-0.0011364
-77.615	-0.6606	7.672	0.2538	-1.527	-0.0009847
-76.096	0.5297	8.82	0.744	-1.526	-0.0010378
-77.693	0.371	8.297	-0.2102	-1.525	-0.0011545
-73.58	-0.1451	8.057	-0.7652	-1.524	-0.0011838
-74.038	0.1312	11.822	-0.5271	-1.522	-0.0009993
-79.298	0.1689	11.563	0.2668	-1.521	-0.0010182
-76.249	-0.3683	10.49	-0.3849	-1.52	-0.0011766
-77.115	0.3342	10.706	0.2231	-1.519	-0.0010561
-74.841	-0.5328	7.736	0.0298	-1.519	-0.0010115
-78.014	0.5255	9.39	-0.1953	-1.519	-0.0011366
-75.983	0.4301	10.757	0.6107	-1.518	-0.0009113
-76.019	-0.5062	9.352	-0.5288	-1.517	-0.0011957
-76.737	0.1179	7.98	-0.7894	-1.517	-0.0009418
-78.096	0.0024	8.632	-0.6499	-1.515	-0.0012577
-78.137	0.1557	11.236	-0.5418	-1.515	-0.0011437
-76.251	-0.3227	11.28	-0.8378	-1.514	-0.0011918
-77.501	0.3364	12.198	-0.007	-1.513	-0.0011154
-76.337	-0.5038	9.988	-0.15	-1.512	-0.00101
-73.207	-0.5555	10.913	0.1221	-1.51	-0.0010646
-74.542	0.6719	9.446	-0.3342	-1.51	-0.0010201
-80.366	0.2333	9.751	0.2772	-1.51	-0.0008665
-78.12	0.4024	11.448	-0.2056	-1.509	-0.0009194
-72.66	-0.2667	10.647	-0.3651	-1.507	-0.0011122
-71.89	-0.0023	9.427	-0.1629	-1.504	-0.0010157
-75.564	0.147	11.615	-0.2715	-1.504	-0.0011133
-74.266	-0.5447	10.008	-0.0842	-1.503	-0.0010596
-74.628	0.1841	6.431	0.231	-1.503	-0.0011556
-72.869	0.2148	8.551	-0.5012	-1.503	-0.0010643
-72.993	-0.4355	8.229	0.0284	-1.503	-0.0012384
-78.507	-0.1414	7.74	0.3843	-1.503	-0.0010371
-76.58	-0.3299	9.843	-0.0532	-1.502	-0.001078
-76.313	-0.6728	10.768	-0.5108	-1.499	-0.0012741
-78.018	0.7636	10.021	-0.0398	-1.498	-0.0010816
-75.856	-0.4375	10.511	-0.6736	-1.497	-0.0010732
-79.418	-0.4544	11.22	0.1169	-1.497	-0.0008245
-71.7	0.1638	9.509	0.4764	-1.497	-0.0012909
-74.035	0.2251	9.674	-0.0599	-1.496	-0.0010165
-74.751	0.182	9.62	0.3947	-1.495	-0.0009086
-75.116	0.2408	8.954	0.1932	-1.495	-0.0009697
-75.353	0.3418	9.019	-0.935	-1.495	-0.0011955
-76.548	0.4562	9.416	0.4644	-1.494	-0.0012505
-75.917	-0.2507	11.355	0.4534	-1.493	-0.0008387
-75.812	0.4608	9.472	-0.4001	-1.491	-0.0009993
-73.327	-0.4568	8.702	-0.3401	-1.491	-0.001204
-72.356	-0.3118	9.929	0.1609	-1.491	-0.0012981
-73.489	-0.0793	12.995	0.2553	-1.49	-0.0010211
-74.343	-0.3919	7.689	-0.6364	-1.49	-0.0011912
-74.493	-0.4931	8.443	-0.4659	-1.49	-0.0009456
-76.038	0.6019	8.765	-0.0069	-1.49	-0.0009071
-79.06	-0.2807	8.395	-0.4606	-1.49	-0.0010384
-73.847	0.3911	7.212	-0.0732	-1.489	-0.001299
-78.982	0.2859	9.074	0.1913	-1.489	-0.0009957
-74.885	0.395	9.977	0.8947	-1.487	-0.001064
-77.453	0.1927	10.296	-0.0126	-1.487	-0.0010366
-73.529	0.0671	11.402	-0.2609	-1.486	-0.000878
-74.493	-0.6699	8.476	-0.0671	-1.485	-0.0009618
-75.482	-0.4359	10.517	0.3544	-1.485	-0.0009115
-74.054	-0.3023	9.156	-0.0122	-1.484	-0.0010947
-74.14	-0.075	8.664	-0.0465	-1.483	-0.0010072
-73.05	-0.054	12.224	-0.3474	-1.483	-0.0011877
-73.544	0.4652	8.693	0.0874	-1.482	-0.0008202
-80.839	-0.2818	10.804	-0.1509	-1.48	-0.0009699
-76.93	-0.1915	11.958	0.1387	-1.479	-0.0011897
-80.804	0.1875	9.321	0.1422	-1.478	-0.0008884
-76.934	0.2971	9.752	-0.9901	-1.478	-0.0011047
-77.083	-0.4824	12.15	-0.5381	-1.478	-0.0011174
-73.705	-0.7068	9.657	0.2893	-1.476	-0.0011698
-75.654	0.2012	9.825	0.1116	-1.476	-0.001084
-73.088	-0.4914	8.336	0.4655	-1.475	-0.0010489
-76.939	0.1522	7.207	0.2315	-1.474	-0.0009641
-75.406	0.4568	10.27	-0.4211	-1.473	-0.0011981
-73.965	0.2049	11.442	0.4202	-1.473	-0.0011315
-77.814	0.0992	10.918	-0.6957	-1.473	-0.001228
-78.494	0.5804	11.503	0.1181	-1.473	-0.0010162
-77.8	0.5142	8.593	0.7375	-1.472	-0.0008835
-80.077	-0.1815	9.639	-0.6179	-1.471	-0.0008256
-73.137	-0.0958	9.325	0.1269	-1.47	-0.001117
-77.82	-0.4814	8.974	0.206	-1.47	-0.0009048
-79.287	0.2455	7.957	0.2687	-1.469	-0.0008217
-75.291	0.2947	6.815	0.4678	-1.468	-0.0011538
-76.831	0.6401	10.592	-0.4685	-1.468	-0.000872
-73.859	0.4109	10.722	0.2505	-1.466	-0.0012069
-76.692	0.0608	8.893	-0.175	-1.465	-0.0010147
-77.412	0.6283	8.88	0.4642	-1.464	-0.0010625
-77.713	-0.6044	9.468	-0.2126	-1.464	-0.0011055
-73.357	-0.4438	10.016	-0.6624	-1.463	-0.0011224
-73.605	0.0123	10.93	0.0513	-1.463	-0.0011473
-73.456	0.5482	11.322	0.5381	-1.463	-0.0011409
-73.561	-0.1782	7.431	0.6736	-1.46	-0.0012237
-72.943	-0.7046	10.744	-0.183	-1.459	-0.0011534
-74.779	0.651	11.541	0.3111	-1.457	-0.0009644
-76.613	-0.0956	12.528	-0.0516	-1.457	-0.0010567
-75.795	0.1325	10.28	-0.5151	-1.457	-0.0008965
-80.35	0.066	9.762	0.1572	-1.457	-0.0009215
-80.205	-0.169	8.342	0.1278	-1.456	-0.0008349
-76.355	0.2521	9.062	-0.3944	-1.456	-0.0012429
-76.045	-0.3934	7.981	-0.643	-1.454	-0.0010457
-76.318	0.3102	9.951	-0.3227	-1.454	-0.0011118
-77.773	0.5162	9.788	-0.0935	-1.454	-0.0009845
-73.211	0.4773	8.119	-0.4826	-1.452	-0.0011209
-75.284	-0.7923	9.917	0.2884	-1.451	-0.0010788
-73.379	0.1955	11.616	0.0195	-1.45	-0.001067
-76.358	0.0098	13.861	-0.3265	-1.45	-0.0010141
-74.424	-0.1046	8.104	-0.6175	-1.447	-0.0011244
-78.194	-0.2101	11.395	0.4994	-1.447	-0.0010631
-72.917	-0.1223	9.955	0.6144	-1.446	-0.0010472
-74.935	0.3037	11.86	0.1213	-1.445	-0.0008551
-76.412	0.4265	11.038	0.7216	-1.445	-0.0009809
-75.457	0.1319	9.78	0.9923	-1.444	-0.0009156
-76.573	0.3259	7.362	0.704	-1.443	-0.0009335
-79.852	0.1821	9.564	-0.1805	-1.443	-0.0011622
-78.108	-0.0572	11.83	0.0814	-1.443	-0.0011387
-73.517	0.0499	7.858	-0.1127	-1.443	-0.0009784
-74.895	0.1707	8.262	-0.8555	-1.443	-0.001185
-72.486	0.4132	12.071	-0.1565	-1.442	-0.0012663
-77.114	-0.0066	12.022	0.6527	-1.441	-0.0011572
-76.333	-0.5717	8.659	0.5248	-1.441	-0.0009231
-74.755	0.1934	12.145	0.7518	-1.44	-0.001083
-76.692	0.3164	11.214	-0.8911	-1.439	-0.0010284
-73.359	-0.2229	7.935	-0.5685	-1.438	-0.0010537
-72.715	-0.2472	9.449	0.4858	-1.437	-0.0009914
-78.176	0.1676	8.111	-0.5102	-1.436	-0.0012184
-79.255	-0.3585	11.422	0.3993	-1.435	-0.0010288
-76.297	0.358	12.416	0.0648	-1.433	-0.0010576
-75.352	-0.4287	7.768	-0.3019	-1.432	-0.0008892
-77.038	-0.294	8.78	0.255	-1.432	-0.0011949
-73.772	0.0445	9.002	-0.0198	-1.431	-0.0012075
-72.577	-0.0229	10.299	-0.008	-1.431	-0.0012587
-77.404	-0.2634	10.09	-0.7255	-1.431	-0.0009977
-73.608	-0.2072	7.262	-0.4353	-1.43	-0.001025
-77.021	0.0424	12.382	0.4148	-1.429	-0.0008962
-73.493	0.4169	11.558	-0.1607	-1.428	-0.0010867
-77.932	0.1867	11.3	0.6733	-1.428	-0.0011268
-75.786	0.1761	8.964	0.0375	-1.427	-0.0011658
-76.269	-0.018	8.214	-0.0362	-1.421	-0.0011209
-77.652	-0.007	12.741	0.2838	-1.42	-0.0008442
-79.6	0.07	9.167	0.5433	-1.42	-0.0009128
-78.013	-0.1737	9.958	-0.5013	-1.417	-0.0011076
-75.789	-0.4872	10.068	-0.5664	-1.416	-0.0008383
-72.806	0.4268	11.705	-0.2475	-1.414	-0.0010736
-76.102	0.2336	11.276	-0.3671	-1.413	-0.0009278
-76.748	0.3908	7.083	0.4202	-1.412	-0.0010939
-76.742	-0.8206	9.948	0.0949	-1.412	-0.0011707
-79.37	-0.1497	10.717	-0.3426	-1.412	-0.0009457
-79.076	-0.2005	11.395	-0.1242	-1.412	-0.0011404
-75.122	-0.1202	12.247	0.3389	-1.411	-0.0011093
-75.352	-0.0542	11.651	-0.3053	-1.41	-0.0009932
-73.616	-0.213	9.194	0.0562	-1.41	-0.0012021
-76.574	-0.6903	10.686	-0.0061	-1.41	-0.0012934
-79.454	-0.0735	10.124	0.8376	-1.409	-0.000811
-73.645	-0.4102	9.504	0.116	-1.407	-0.0011907
-74.448	0.0959	9.524	-0.8048	-1.405	-0.0012768
-73.571	0.3115	8.583	0.3036	-1.405	-0.0011442
-76.317	-0.3218	9.691	0.4571	-1.404	-0.0012928
-74.724	-0.0994	9.327	0.1964	-1.404	-0.0011752
-75.672	-0.2189	8.855	-0.7013	-1.403	-0.0008603
-74.777	-0.1064	10.755	-0.6273	-1.403	-0.0010744
-78.524	-0.1308	8.203	0.2607	-1.403	-0.0010149
-77.032	-0.3905	8.93	0.711	-1.403	-0.0008552
-77.513	0.3457	9.722	0.2396	-1.402	-0.0011486
-75.912	-0.52	9.62	0.5817	-1.401	-0.0009321
-76.704	0.373	11.757	-0.1249	-1.4	-0.0012379
-79.203	-0.2158	9.994	-0.1476	-1.399	-0.0010281
-71.601	0.0518	9.921	-0.2027	-1.399	-0.0011167
-76.463	0.0613	12.383	0.2695	-1.399	-0.0010959
-73.894	-0.2755	7.126	-0.3019	-1.398	-0.0011082
-78.281	0.5637	8.95	0.5237	-1.398	-0.0008873
-74.302	0.6094	9.36	0.3816	-1.397	-0.001017
-79.421	-0.2091	10.506	-0.2619	-1.397	-0.0010941
-80.869	0.3283	11.501	0.3092	-1.396	-0.0008754
-76.267	-0.0882	9.569	0.145	-1.395	-0.0010112
-73.634	0.2037	9.35	-0.6807	-1.395	-0.0008802
-75.905	-0.2751	8.8	0.1447	-1.394	-0.0010932
-76.009	-0.0697	10.099	0.5923	-1.393	-0.0011414
-78.418	-0.5587	9.758	0.5143	-1.393	-0.0009296
-79.161	0.005	9.92	0.7504	-1.392	-0.0009011
-76.075	0.1188	8.534	-0.2543	-1.392	-0.0010444
-78.373	-0.1173	8.487	0.0482	-1.392	-0.0008068
-72.723	0.4491	10.07	0.4438	-1.391	-0.0009911
-76.112	-0.3189	12.495	0.3622	-1.391	-0.0010008
-77.542	0.3882	9.805	-0.0173	-1.39	-0.0012186
-74.979	-0.2267	8.488	-0.4016	-1.39	-0.0012649
-80.417	0.2462	11.479	0.1134	-1.388	-0.0010291
-75.631	-0.0016	6.226	-0.0131	-1.388	-0.0010514
-79.351	0.2278	8.297	-0.4795	-1.388	-0.0009812
-76.557	0.0023	10.32	0.8878	-1.387	-0.0012892
-73.567	0.3449	8.727	0.3227	-1.386	-0.0011264
-73.368	0.0775	8.058	0.2467	-1.386	-0.001187
-77.671	0.2195	8.041	-0.4	-1.385	-0.0012409
-75.77	-0.0273	6.876	0.0942	-1.384	-0.0011913
-73.004	0.6222	10.645	-0.3706	-1.384	-0.0011128
-77.874	0.08	12.131	0.42	-1.384	-0.0011934
-77.905	0.4884	10.939	-0.2221	-1.383	-0.0012459
-72.464	0.2712	10.766	-0.4114	-1.382	-0.0010412
-76.118	-0.5743	10.783	0.5058	-1.382	-0.0009636
-73.663	0.5608	9.568	0.37	-1.382	-0.0013146
-76.33	-0.5859	10.26	-0.525	-1.381	-0.0011333
-75.096	0.4374	9.347	0.7408	-1.381	-0.0010965
-75.671	-0.3786	8.261	0.2681	-1.379	-0.0010337
-80.535	-0.4181	8.897	0.3451	-1.379	-0.0008678
-74.233	0.3897	7.4	0.3501	-1.377	-0.0009609
-76.053	0.5584	10.306	0.1464	-1.376	-0.0011654
-72.786	-0.1281	9.345	-0.0015	-1.376	-0.0010102
-74.601	-0.0648	6.529	-0.2534	-1.374	-0.0010212
-73.899	-0.0823	9.723	-0.1682	-1.374	-0.0009568
-77.346	0.4442	8.837	0.0582	-1.374	-0.001197
-74.967	-0.1142	8.638	-0.5197	-1.374	-0.0013169
-76.329	-0.5994	11.877	-0.2852	-1.373	-0.0010146
-73.138	-0.4276	10.185	0.1621	-1.372	-0.0010765
-77.836	-0.4222	11.686	0.5582	-1.372	-0.0008823
-73.436	0.0074	11.125	0.4818	-1.37	-0.0009965
-74.346	-0.5178	10.813	-0.2879	-1.369	-0.0012268
-77.935	0.1656	10.36	-0.8614	-1.369	-0.0010776
-79.127	0.3397	11.539	0.163	-1.367	-0.00109
-79.325	-0.0598	10.167	0.1214	-0.526	-0.0010857
-76.009	0.6333	8.272	-0.549	-0.525	-0.0009348
-79.076	0.605	11.832	-0.2438	-0.525	-0.0009647
-79.707	-0.4154	9.265	0.0493	-0.522	-0.000834
-75.984	-0.4251	9.515	0.5909	-0.522	-0.0009985
-75.439	-0.3564	10.0	-0.8427	-0.521	-0.0011281
-75.977	-0.7253	11.638	0.3888	-0.521	-0.0010218
-77.705	0.2326	10.924	0.1827	-0.521	-0.0008466
-76.606	-0.2816	9.639	0.3032	-0.52	-0.0012184
-74.806	-0.1908	9.62	-0.4618	-0.519	-0.0013024
-79.181	-0.4888	10.868	-0.7011	-0.518	-0.0008212
-76.841	0.3143	9.047	0.3204	-0.518	-0.001072
-73.082	0.2873	9.904	-0.3895	-0.516	-0.0010907
-76.988	-0.2227	9.221	-0.6312	-0.515	-0.0009469
-75.426	-0.6584	7.79	0.1257	-0.515	-0.0009349
-76.283	-0.2103	8.085	-0.126	-0.515	-0.0010012
-74.735	0.2066	6.809	-0.0175	-0.515	-0.0010028
-77.018	0.287	8.058	0.1136	-0.514	-0.0008175
-76.1	-0.3694	9.536	-0.3629	-0.512	-0.0011219
-74.496	0.2564	9.942	0.2655	-0.512	-0.0010843
-75.467	-0.2075	12.457	0.5397	-0.512	-0.0009589
-77.029	-0.3661	10.449	-0.0766	-0.511	-0.0010576
-72.633	0.2016	10.436	0.2325	-0.511	-0.0011759
-73.966	-0.3732	9.635	-0.0607	-0.511	-0.001065
-76.637	0.3424	10.854	-0.4079	-0.51	-0.0008576
-74.972	-0.2173	12.028	0.1494	-0.51	-0.0011823
-74.538	-0.2607	11.402	-0.3723	-0.51	-0.0010012
-73.85	-0.5635	9.624	-0.1138	-0.508	-0.0009648
-75.964	-0.325	9.081	-0.3253	-0.508	-0.0011313
-74.532	-0.1996	12.163	0.4687	-0.507	-0.0011236
-74.527	0.1624	10.221	0.0244	-0.507	-0.0012749
-76.595	-0.5312	10.237	-0.484	-0.507	-0.0008525
-76.965	-0.2314	13.008	0.2486	-0.506	-0.0009142
-78.362	0.0476	9.987	-0.5745	-0.506	-0.0012498
-76.613	-0.5318	10.698	0.2633	-0.505	-0.0011207
-77.347	0.062	11.74	0.0395	-0.504	-0.0009587
-72.39	-0.211	8.687	0.0376	-0.504	-0.0009143
-71.703	0.4151	10.255	-0.0935	-0.504	-0.0011282
-75.459	0.3422	10.234	0.2196	-0.503	-0.0012182
-77.581	-0.2398	9.413	-0.6173	-0.503	-0.0010766
-73.524	-0.0768	11.522	0.2575	-0.503	-0.0013066
-78.894	-0.1655	8.997	-0.6227	-0.501	-0.0011105
-77.987	-0.0598	11.975	-0.2829	-0.5	-0.0011866
-78.845	-0.1813	10.198	-0.325	-0.5	-0.0011518
-79.356	-0.0389	9.306	0.4208	-0.499	-0.0009097
-78.516	-0.0384	9.127	0.7584	-0.498	-0.000951
-76.226	0.4606	12.4	0.3172	-0.498	-0.0009107
-77.769	0.2451	8.844	-0.8132	-0.497	-0.0011083
-73.462	-0.0535	10.452	0.679	-0.495	-0.001151
-73.57	-0.125	13.103	0.0266	-0.494	-0.0011447
-72.948	-0.5005	8.965	0.3288	-0.494	-0.0012962
-76.713	-0.3222	10.301	-0.2834	-0.493	-0.0012061
-76.93	-0.6277	9.737	0.0439	-0.492	-0.0008412
-77.849	0.4514	9.194	-0.157	-0.492	-0.0010612
-78.9	-0.5534	9.003	-0.2503	-0.488	-0.0008722
-78.338	0.1038	11.32	-0.2863	-0.487	-0.0010578
-77.336	0.0102	8.576	-0.2208	-0.487	-0.0010886
-77.435	0.0655	10.312	0.0446	-0.486	-0.0011234
-76.426	-0.2387	12.626	-0.3083	-0.486	-0.0009481
-75.348	-0.6298	10.704	0.3355	-0.483	-0.0009026
-75.832	0.1905	8.775	0.2466	-0.483	-0.0010298
-75.132	0.2011	9.548	-0.8195	-0.483	-0.0012835
-75.485	0.0853	10.814	0.4031	-0.482	-0.000891
-76.542	0.4752	8.567	0.3617	-0.481	-0.0011408
-73.016	0.0883	11.384	-0.2696	-0.481	-0.0009038
-78.979	-0.0637	11.308	0.566	-0.481	-0.0008772
-78.141	0.3321	10.357	-0.1514	-0.481	-0.0011518
-75.784	0.346	12.641	0.0689	-0.48	-0.001033
-78.725	-0.3264	10.939	-0.0041	-0.48	-0.0010396
-74.552	0.0731	9.92	0.3419	-0.48	-0.0008525
-76.562	0.7379	10.299	-0.1859	-0.478	-0.001062
-73.921	-0.007	10.663	-0.0268	-0.477	-0.0012082
-74.639	-0.513	10.268	0.434	-0.477	-0.0011934
-75.928	0.0751	7.405	0.2789	-0.477	-0.0012163
-76.707	0.5488	9.627	0.0603	-0.475	-0.0009011
-76.477	-0.5303	11.41	-0.3403	-0.475	-0.0008925
-77.322	-0.4092	11.502	-0.1193	-0.474	-0.0009763
-75.497	-0.4855	9.128	-0.3329	-0.473	-0.0011036
-75.264	-0.306	8.307	-0.4012	-0.471	-0.0012846
-76.562	-0.5376	8.329	-0.7514	-0.471	-0.0008989
-72.601	-0.0852	8.551	-0.22	-0.47	-0.0010965
-79.035	-0.1295	7.556	-0.0147	-0.467	-0.0009844
-76.395	-0.6	11.97	-0.1023	-0.466	-0.0012121
-73.501	-0.4218	11.928	-0.586	-0.466	-0.0011279
-72.064	0.124	10.877	0.2683	-0.465	-0.0011959
-72.741	0.261	8.818	-0.6573	-0.464	-0.0012506
-75.607	-0.1498	9.9	-0.3267	-0.463	-0.0012307
-78.094	0.3749	10.847	-0.732	-0.463	-0.0011268
-73.922	0.1344	9.909	0.5931	-0.462	-0.0010938
-78.97	0.2811	12.656	-0.1057	-0.461	-0.0010229
-73.24	0.1295	10.077	0.3484	-0.461	-0.0010754
-75.758	0.2253	7.386	0.3489	-0.46	-0.0009032
-72.096	0.2029	8.077	-0.1282	-0.46	-0.0010124
-78.234	0.2448	10.129	-0.4559	-0.46	-0.0009587
-75.12	0.4198	9.011	0.8651	-0.46	-0.0010398
-78.561	-0.0235	8.265	-0.472	-0.46	-0.0010297
-74.543	-0.2722	9.976	-0.0471	-0.459	-0.0010246
-79.243	0.206	9.844	-0.1636	-0.455	-0.0011354
-76.744	0.1213	9.973	-0.5698	-0.454	-0.0010406
-76.532	0.3162	9.597	-0.0593	-0.454	-0.0010893
-76.722	-0.0596	9.453	0.6994	-0.453	-0.0010693
-75.37	0.358	8.254	0.474	-0.453	-0.001203
-77.917	-0.5167	11.738	-0.0508	-0.453	-0.0010981
-78.522	0.4988	10.989	-0.2231	-0.451	-0.0008919
-77.489	-0.1066	8.993	0.8201	-0.451	-0.0011454
-76.381	-0.2002	9.968	0.2548	-0.449	-0.0008202
-80.362	0.398	10.703	0.167	-0.449	-0.0009499
-78.253	-0.6915	9.662	0.3432	-0.448	-0.0011084
-72.726	-0.3354	9.101	-0.1483	-0.448	-0.0010509
-74.245	-0.1867	8.236	-0.6923	-0.447	-0.0009858
-74.586	-0.6992	9.318	0.346	-0.446	-0.0009396
-74.94	0.0249	7.951	0.2377	-0.442	-0.0010713
-74.184	-0.0071	13.169	0.2546	-0.442	-0.0011692
-77.124	-0.0018	9.806	-0.7759	-0.441	-0.001197
-77.175	0.5733	11.408	0.67	-0.441	-0.001108
-75.501	-0.2358	9.303	0.5589	-0.441	-0.0010866
-78.808	-0.1301	13.349	-0.0908	-0.44	-0.0008459
-76.833	-0.0947	10.473	0.1363	-0.44	-0.0010741
-78.952	0.3608	11.192	0.318	-0.44	-0.0010689
-72.419	-0.3549	9.85	0.0675	-0.44	-0.0010978
-78.16	-0.2986	7.974	-0.1608	-0.439	-0.0009101
-76.834	-0.0362	10.265	1.0541	-0.438	-0.001056
-73.318	0.0933	7.514	0.1656	-0.437	-0.0011323
-74.179	0.3069	10.786	0.5307	-0.437	-0.0012718
-74.126	0.3022	6.746	-0.0386	-0.437	-0.0009392
-79.952	-0.099	8.919	0.0131	-0.436	-0.0008895
-73.333	-0.5638	7.926	-0.1939	-0.436	-0.0010895
-77.436	-0.273	8.617	-0.0236	-0.435	-0.0008188
-78.544	0.5779	10.476	0.2645	-0.435	-0.0011746
-76.475	0.5387	9.712	0.1161	-0.434	-0.0010207
-72.462	0.0511	8.924	0.8575	-0.431	-0.0012389
-74.459	-0.2568	10.551	0.6047	-0.431	-0.0010165
-74.646	0.2887	7.419	-0.4322	-0.43	-0.0009648
-77.777	-0.4672	9.702	0.5259	-0.43	-0.001214
-73.724	-0.0017	12.183	0.1404	-0.43	-0.0013034
-73.887	-0.1959	7.362	-0.319	-0.429	-0.0012562
-77.135	-0.0643	12.842	0.4843	-0.429	-0.0009881
-75.891	0.1295	13.204	-0.311	-0.428	-0.0010168
-77.806	-0.6159	9.234	0.2633	-0.427	-0.0009381
-74.867	0.3299	9.471	-0.1442	-0.424	-0.0011637
-75.494	-0.0747	9.958	-0.162	-0.424	-0.0013048
-75.474	0.7966	9.149	0.1649	-0.424	-0.0009136
-74.467	0.0328	7.27	0.6201	-0.422	-0.0011263
-76.311	-0.1853	8.296	-0.3795	-0.421	-0.0010757
-76.493	0.6889	8.136	-0.3777	-0.421	-0.0008739
-74.351	-0.0738	7.342	-0.2513	-0.42	-0.0010839
-74.197	0.3931	7.645	-0.3149	-0.42	-0.0009938
-75.974	0.5851	10.43	0.4569	-0.42	-0.001126
-77.459	0.3615	8.83	0.127	-0.419	-0.0011358
-76.424	-0.3105	10.031	0.9599	-0.419	-0.0010988
-77.334	0.1943	8.587	0.0579	-0.419	-0.0010651
-74.714	-0.0437	12.211	-0.584	-0.418	-0.0008547
-75.493	0.4932	9.843	-0.4787	-0.418	-0.0008631
-73.758	-0.1746	8.301	0.1967	-0.416	-0.0009096
-77.522	-0.2578	11.489	-0.0955	-0.414	-0.0011892
-74.461	-0.3662	13.011	-0.1935	-0.414	-0.0010493
-76.965	0.4123	8.585	-0.1074	-0.411	-0.0008382
-78.227	-0.0109	11.243	0.2411	-0.411	-0.0009174
-76.818	0.5734	10.796	0.2082	-0.411	-0.0011215
-78.913	-0.3261	8.343	0.3524	-0.41	-0.0009279
-73.682	-0.0639	9.928	-0.1148	-0.409	-0.0009806
-76.012	-0.1131	8.838	-0.4779	-0.406	-0.0010065
-74.165	-0.6847	11.326	-0.0712	-0.406	-0.0009185
-75.751	0.1478	13.344	0.0098	-0.406	-0.0012265
-77.358	0.1033	12.736	0.5639	-0.405	-0.0010531
-76.995	0.1158	7.422	0.6634	-0.404	-0.0009568
-79.063	-0.3397	9.878	-0.7665	-0.404	-0.0010283
-76.396	0.6133	8.805	-0.6729	-0.404	-0.0011549
-76.426	-0.227	12.853	0.4549	-0.403	-0.0012028
-74.741	-0.0593	8.616	0.0531	-0.401	-0.0012616
-77.975	-0.585	9.112	0.085	-0.401	-0.0008665
-75.928	0.3121	13.08	-0.1914	-0.4	-0.0011436
-76.447	0.4019	12.896	-0.0569	-0.399	-0.0008254
-75.554	0.4624	10.66	0.3011	-0.396	-0.0010338
-78.934	0.2757	8.22	0.5292	-0.396	-0.0010306
-71.588	0.1771	10.753	-0.0019	-0.396	-0.001114
-78.609	-0.2183	8.338	0.2191	-0.396	-0.0011734
-75.901	-0.1036	12.616	-0.0269	-0.396	-0.0012639
-79.103	-0.5567	10.078	-0.2532	-0.395	-0.0009467
-77.369	-0.1862	9.186	0.2545	-0.394	-0.0009609
-77.277	-0.191	7.942	0.7698	-0.394	-0.0011462
-74.998	-0.146	8.207	0.4368	-0.394	-0.0009504
-77.489	-0.243	8.601	-0.3449	-0.391	-0.0007935
-76.505	-0.4059	6.509	-0.2021	-0.391	-0.0010997
-77.958	-0.3592	9.311	-0.1477	-0.391	-0.0009628
-75.409	0.75	9.569	-0.4368	-0.387	-0.0010857
-76.912	-0.4768	8.514	0.0146	-0.386	-0.0011647
-71.905	0.1152	11.726	-0.5149	-0.386	-0.0011284
-73.886	-0.1651	8.77	0.0502	-0.386	-0.0011537
-78.138	-0.3424	9.948	0.0816	-0.383	-0.0009045
-77.506	-0.2903	11.715	-0.8451	-0.383	-0.0009544
-71.495	-0.2423	9.235	-0.2805	-0.383	-0.0011834
-79.745	0.0961	11.668	0.1049	-0.383	-0.0008744
-74.161	0.0991	8.055	0.4859	-0.382	-0.0010842
-74.271	0.4347	6.946	0.2557	-0.382	-0.0011523
-77.159	0.2342	12.034	-0.2474	-0.382	-0.0010194
-78.164	0.1414	11.988	0.4254	-0.381	-0.0010351
-74.734	-0.0446	9.235	0.7656	-0.381	-0.0012779
-75.314	-0.4957	11.189	-0.4914	-0.38	-0.0011968
-79.531	0.0894	11.956	-0.4391	-0.378	-0.0010394
-75.998	-0.0758	6.732	0.0224	-0.377	-0.0008505
-76.082	0.4292	10.389	-0.448	-0.374	-0.0010622
-71.783	0.1561	10.629	-0.0632	-0.373	-0.0012893
-73.835	-0.1698	7.677	-0.1404	-0.372	-0.0012278
-77.218	-0.2423	10.668	0.8163	-0.372	-0.0011275
-77.349	-0.1715	10.304	-0.7802	-0.372	-0.0012291
-77.474	-0.7182	9.26	0.5685	-0.372	-0.0010187
-75.297	-0.0439	12.828	-0.4275	-0.372	-0.0011053
-78.194	0.0414	10.36	-0.0984	-0.372	-0.0011147
-75.04	-0.3631	8.008	0.2111	-0.367	-0.0012533
-75.418	0.1562	10.587	-0.683	-0.366	-0.0010048
-73.489	-0.6773	8.782	-0.175	-0.365	-0.0012614
-76.097	0.127	9.278	-0.0619	-0.365	-0.0009318
-77.65	0.3629	9.792	-0.0629	-0.363	-0.001029
-73.273	-0.0553	12.058	0.1692	-0.363	-0.0011338
-79.88	0.0894	9.372	0.2128	-0.363	-0.0009002
-77.516	0.0903	9.698	-0.724	-0.363	-0.0008889
-72.194	-0.1249	11.246	-0.6488	-0.362	-0.0011913
-79.088	0.4057	10.818	-0.7195	-0.362	-0.0010342
-77.433	0.5998	9.689	-0.242	-0.361	-0.0011379
-77.043	0.0869	11.413	-0.4551	-0.36	-0.0009645
-73.53	0.399	10.18	0.4948	-0.36	-0.0012632
-77.651	-0.0651	9.889	-0.0201	-0.359	-0.0010423
-75.071	-0.2539	8.837	-0.4927	-0.358	-0.0010788
-75.17	0.1728	10.016	0.3567	-0.357	-0.0009804
-73.318	-0.2747	11.498	-0.0495	-0.357	-0.0010734
-74.17	0.2343	12.25	-0.3877	-0.355	-0.0011622
-76.237	-0.5611	9.133	0.0066	-0.354	-0.0010262
-74.834	0.4128	10.681	-0.5288	-0.352	-0.0008228
-78.076	0.2112	11.456	-0.273	-0.352	-0.001208
-74.635	0.3339	12.726	0.194	-0.352	-0.0010098
-80.549	-0.032	9.609	0.2541	-0.351	-0.0010019
-76.564	-0.1191	11.54	0.2802	-0.35	-0.001128
-80.492	-0.2049	9.77	0.1971	-0.35	-0.0010316
-79.431	0.0051	8.705	-0.4529	-0.349	-0.0010693
-73.686	0.4103	11.229	0.2874	-0.349	-0.0008807
-75.059	-0.1977	11.948	0.2628	-0.349	-0.0009869
-72.27	-0.0451	12.972	0.2594	-0.345	-0.0011809
-75.813	0.3403	10.742	-0.0609	-0.345	-0.0011807
-77.827	-0.4026	11.417	-0.4647	-0.344	-0.0009107
-76.116	0.6217	8.239	-0.0037	-0.344	-0.0008963
-77.455	0.1467	7.607	-0.3816	-0.344	-0.0010506
-78.863	-0.4932	9.877	-0.3527	-0.343	-0.0012704
-78.394	0.5931	11.724	-0.3692	-0.343	-0.0010251
-75.724	-0.5678	10.313	0.0084	-0.342	-0.0010695
-78.257	-0.1814	11.978	-0.3007	-0.34	-0.0008719
-78.767	-0.0317	13.118	0.1884	-0.34	-0.0010966
-76.761	0.301	12.371	-0.3918	-0.338	-0.0010776
-73.696	0.2935	11.331	-0.3773	-0.336	-0.001098
-75.356	0.127	8.975	0.5305	-0.336	-0.0008971
-77.155	-0.3228	8.995	-0.6466	-0.336	-0.0010034
-75.487	-0.3177	9.795	0.5166	-0.333	-0.0009715
-78.888	0.3899	8.595	-0.1584	-0.332	-0.0008415
-73.793	-0.5605	8.179	-0.2227	-0.332	-0.001108
-76.544	0.4582	7.323	0.2012	-0.332	-0.0011666
-76.458	-0.5378	7.375	0.3836	-0.331	-0.0010564
-76.855	0.1082	6.62	0.1434	-0.33	-0.0010684
-71.947	0.2799	10.016	0.0707	-0.33	-0.0012551
-74.649	0.1483	12.657	-0.1038	-0.33	-0.0012364
-75.955	0.0631	11.4	-0.5299	-0.33	-0.0011764
-74.808	0.3081	8.139	0.0794	-0.329	-0.0010606
-79.293	0.5382	9.577	-0.1321	-0.326	-0.0010013
-76.004	0.1015	7.112	-0.5364	-0.324	-0.0010201
-73.513	-0.5031	8.341	-0.0993	-0.323	-0.0008808
-78.123	-0.0806	10.818	-0.1951	-0.322	-0.0009825
-71.214	0.1168	11.646	0.1992	-0.321	-0.0011848
-72.633	0.3437	10.952	0.4064	-0.321	-0.0010816
-78.127	-0.0505	9.365	-0.7539	-0.32	-0.0009667
-73.042	0.2652	11.608	-0.2764	-0.319	-0.0011125
-80.282	0.0918	8.517	-0.5089	-0.319	-0.0008496
-78.061	-0.0015	9.285	0.7422	-0.318	-0.000825
-74.591	-0.2556	12.389	0.1809	-0.315	-0.0009659
-73.901	-0.598	11.758	0.3563	-0.315	-0.0012888
-74.635	0.477	8.333	0.278	-0.314	-0.0011545
-76.568	0.0547	12.306	0.3415	-0.313	-0.001165
-76.645	0.495	9.414	-0.0943	-0.313	-0.0008987
-76.415	-0.3467	10.378	0.2113	-0.313	-0.0011371
-75.577	0.4325	7.719	-0.0726	-0.312	-0.0011718
-77.703	-0.5581	8.4	0.3962	-0.312	-0.0009155
-75.344	0.2011	13.333	-0.2271	-0.31	-0.0011153
-76.943	0.5778	8.252	0.6995	-0.305	-0.0009282
-73.464	-0.4967	11.429	-0.0066	-0.304	-0.0011806
-74.422	-0.3964	9.069	-0.4271	-0.304	-0.0011735
-79.613	0.3789	9.344	0.1446	-0.303	-0.000997
-75.383	-0.1315	9.823	-0.3424	-0.303	-0.0009408
-75.757	0.0269	10.391	-0.4478	-0.303	-0.0012868
-76.89	-0.2338	10.663	0.5687	-0.302	-0.0009036
-74.537	-0.0194	12.139	-0.6344	-0.299	-0.0012165
-76.967	0.1468	9.307	0.0924	-0.298	-0.0010655
-74.473	-0.2161	8.003	-0.8999	-0.298	-0.0011625
-73.295	0.0532	12.393	-0.1201	-0.296	-0.0011823
-75.739	-0.3637	9.818	-0.0322	-0.296	-0.0011299
-77.212	-0.4005	9.965	-0.5654	-0.296	-0.0010269
-74.478	0.1084	12.293	0.3824	-0.296	-0.0012483
-81.205	0.2268	8.754	0.1211	-0.295	-0.0007987
-77.622	0.3339	10.751	0.2392	-0.294	-0.0011615
-77.52	0.728	8.822	0.3183	-0.293	-0.0011319
-74.727	-0.0346	6.22	0.2556	-0.293	-0.0011842
-73.184	-0.5056	8.708	-0.398	-0.293	-0.0010512
-76.943	0.3591	9.942	-0.7411	-0.292	-0.0012039
-77.811	-0.1967	11.731	0.2999	-0.292	-0.0009569
-74.949	-0.5325	12.228	-0.0754	-0.292	-0.0009374
-74.702	-0.6773	10.979	-0.0066	-0.291	-0.0008731
-77.455	0.2887	9.236	-0.2972	-0.29	-0.0011391
-72.25	0.3631	8.78	0.4392	-0.289	-0.0011866
-77.213	-0.2546	9.591	0.929	-0.289	-0.0008333
-79.368	-0.2127	8.624	-0.1708	-0.288	-0.0009629
-72.72	0.0947	11.859	-0.387	-0.288	-0.0012518
-76.385	-0.2233	7.743	-0.5645	-0.288	-0.0010932
-74.811	-0.2088	10.673	0.4648	-0.288	-0.0011412
-76.832	0.4448	7.53	-0.269	-0.287	-0.0010652
-75.016	0.2486	10.176	0.3762	-0.287	-0.0013154
-76.912	-0.4329	8.41	0.6017	-0.285	-0.0009315
-72.786	0.2253	8.637	-0.4484	-0.285	-0.0009746
-71.843	0.1939	10.6	-0.0149	-0.284	-0.0010937
-73.368	-0.0883	11.786	-0.043	-0.284	-0.0011006
-74.568	-0.276	6.808	0.428	-0.282	-0.0010755
-78.735	0.5091	10.052	-0.1545	-0.282	-0.0010616
-77.234	-0.613	8.743	0.5893	-0.281	-0.0008454
-75.354	0.563	12.029	-0.2356	-0.28	-0.0009889
-74.407	0.0768	9.915	-0.198	-0.28	-0.0012813
-76.652	-0.5159	9.078	-0.7281	-0.28	-0.0010413
-74.564	-0.0763	8.516	0.0382	-0.28	-0.0009776
-75.633	0.6443	10.202	0.0707	-0.279	-0.0009545
-76.668	0.69	9.343	-0.0736	-0.279	-0.0009821
-78.565	-0.5242	10.387	0.4274	-0.278	-0.0011255
-77.252	-0.3261	11.308	-0.2395	-0.277	-0.0010223
-73.855	-0.0759	11.694	0.3754	-0.276	-0.0011885
-73.537	0.1361	10.126	-0.3835	-0.275	-0.0011046
-72.727	0.0523	10.447	0.7238	-0.275	-0.0011677
-76.657	0.1337	7.169	0.1687	-0.274	-0.0012368
-73.705	-0.4674	10.331	-0.5332	-0.273	-0.0011251
-77.171	0.38	10.595	0.8758	-0.273	-0.000828
-72.782	-0.4383	11.891	-0.554	-0.273	-0.0011694
-74.877	0.2247	11.618	0.9093	-0.272	-0.0011148
-75.954	0.1118	7.507	0.6043	-0.272	-0.0009161
-74.245	-0.0869	11.399	-0.4144	-0.271	-0.0011257
-78.4	-0.1098	7.939	-0.0256	-0.269	-0.0009813
-76.033	-0.74	11.666	-0.2016	-0.269	-0.0011325
-77.825	0.2914	10.903	-0.2528	-0.268	-0.001081
-75.245	0.3263	11.626	0.73	-0.265	-0.0011816
-76.539	0.7871	9.476	-0.3988	-0.265	-0.0010286
-74.094	-0.0797	10.875	-0.5681	-0.264	-0.0009993
-78.537	-0.2523	9.807	0.7162	-0.263	-0.0009555
-79.004	0.0189	8.131	-0.6902	-0.263	-0.0010181
-77.516	0.424	9.228	0.1916	-0.263	-0.0009132
-74.911	0.4352	11.987	0.09	-0.262	-0.0008787
-77.123	-0.4388	8.902	-0.4888	-0.262	-0.0010728
-78.75	-0.1048	9.568	0.6506	-0.262	-0.0009838
-75.458	0.1678	9.52	0.1988	-0.261	-0.0011687
-76.552	-0.714	10.214	-0.5445	-0.261	-0.0010519
-76.736	-0.6312	9.769	-0.0126	-0.261	-0.0011823
-75.779	0.7793	11.181	0.2235	-0.26	-0.001257
-75.909	0.4834	11.342	-0.2175	-0.257	-0.0009247
-74.704	-0.501	7.721	0.071	-0.257	-0.0009535
-73.43	-0.5033	9.297	-0.2245	-0.257	-0.0010441
-75.633	0.6481	8.642	0.2441	-0.257	-0.0009734
-76.66	-0.2888	9.865	0.587	-0.256	-0.0012236
-76.277	0.3628	9.478	0.721	-0.254	-0.0010211
-75.579	-0.1875	11.794	-0.106	-0.253	-0.0012153
-77.63	0.3159	10.118	0.0524	-0.253	-0.0010993
-77.361	-0.3011	9.295	0.5985	-0.253	-0.0012149
-79.877	-0.1993	8.485	-0.4883	-0.252	-0.0009898
-78.648	-0.5226	8.599	0.5618	-0.252	-0.0010341
-76.21	0.7061	11.772	-0.249	-0.25	-0.0012377
-77.01	0.4155	12.495	0.3291	-0.249	-0.0011072
-74.616	0.3032	6.744	-0.4245	-0.249	-0.0010375
-72.37	0.0422	11.509	-0.2377	-0.249	-0.0010034
-72	-0.5266	10.14	-0.1435	-0.248	-0.0012088
-78.665	-0.4048	11.79	-0.3391	-0.247	-0.0010115
-78.116	-0.1394	11.784	0.9215	-0.245	-0.0009025
-76.7	-0.0368	10.489	0.7297	-0.244	-0.0010983
-80.389	0.2499	9.782	-0.6842	-0.243	-0.0008914
-76.287	-0.5791	10.747	0.2552	-0.242	-0.0009702
-76.85	-0.4396	8.134	0.4508	-0.242	-0.0010975
-73.666	-0.4901	10.711	0.3518	-0.242	-0.0011648
-73.272	0.0981	10.328	-0.5616	-0.241	-0.0011651
-76.658	0.0278	9.731	0.0002	-0.241	-0.0010189
-73.534	-0.0305	10.411	-0.4492	-0.239	-0.0012392
-77.033	-0.308	11.009	-0.7568	-0.238	-0.0011058
-72.332	-0.5627	10.093	0.2817	-0.238	-0.0011775
-71.721	0.1622	9.407	-0.0822	-0.236	-0.0011198
-74.2	0.3375	10.011	-0.2708	-0.236	-0.0011106
-74.45	-0.5104	11.464	-0.5311	-0.236	-0.0011732
-79.275	0.0395	8.735	-0.681	-0.235	-0.0009823
-75.886	0.2636	11.444	-0.0343	-0.234	-0.0009795
-79.999	0.1283	8.616	-0.6315	-0.233	-0.000952
-73.725	0.153	11.737	0.3279	-0.231	-0.0008488
-74.328	0.6979	10.168	-0.3326	-0.229	-0.0012575
-74.878	-0.0473	9.243	0.2479	-0.229	-0.0011979
-72.084	0.0123	9.734	-0.5535	-0.229	-0.0011331
-71.535	-0.2605	8.766	0.3336	-0.228	-0.001234
-72.392	-0.1865	10.436	-0.0779	-0.228	-0.0012837
-72.798	0.0703	9.705	0.3232	-0.227	-0.0009225
-77.219	-0.0054	10.475	0.3208	-0.226	-0.0008865
-78.213	0.1365	6.719	0.3725	-0.226	-0.000885
-75.613	-0.5672	12.032	-0.0646	-0.225	-0.0009722
-76.686	0.1716	8.801	0.2432	-0.225	-0.0011878
-74.273	-0.1539	9.655	0.3179	-0.224	-0.0012785
-77.084	-0.1935	7.597	-0.2343	-0.224	-0.0011429
-76.494	0.089	11.051	0.8242	-0.223	-0.0008675
-75.904	-0.0779	12.25	0.6208	-0.222	-0.0011401
-74.412	-0.2215	9.923	0.1757	-0.221	-0.0008452
-74.799	-0.1901	6.987	-0.3051	-0.221	-0.0010256
-76.209	-0.2412	9.765	-0.0019	-0.219	-0.0012119
-76.348	0.6335	8.806	0.282	-0.219	-0.0008869
-77.478	-0.265	10.846	0.2907	-0.219	-0.0010855
-72.841	0.1482	10.976	-0.4229	-0.218	-0.0012394
-78.569	0.4158	10.409	-0.6743	-0.216	-0.0011256
-74.877	-0.1379	7.792	-0.6087	-0.216	-0.0010397
-75.036	-0.1993	12.856	-0.0338	-0.215	-0.0008961
-80.373	-0.1437	12.514	-0.2435	-0.215	-0.0008468
-76.461	0.4482	10.788	-0.4119	-0.214	-0.0008772
-74.855	-0.0137	9.018	0.3031	-0.214	-0.0009193
-77.021	0.0108	8.947	-0.3366	-0.213	-0.0008691
-79.432	0.2945	11.55	0.2917	-0.212	-0.0010686
-77.436	-0.3458	8.809	0.4212	-0.212	-0.0011829
-77.013	0.4461	9.476	-0.3839	-0.211	-0.0009306
-77.768	-0.1208	10.094	0.6915	-0.21	-0.0010935
-75.627	-0.2032	8.2	-0.7058	-0.209	-0.0010837
-73.304	-0.0252	12.464	-0.0753	-0.208	-0.0010248
-76.36	0.1027	11.928	0.8348	-0.207	-0.001106
-78.671	-0.0731	8.369	-0.5573	-0.207	-0.0012085
-78.232	-0.4514	9.481	-0.2581	-0.204	-0.0012026
-78.188	-0.0853	11.914	-0.405	-0.204	-0.0011418
-77.86	0.6268	11.366	-0.5521	-0.202	-0.0009067
-74.468	0.2316	7.968	-0.1087	-0.202	-0.0011939
-76.393	-0.7073	9.218	-0.2638	-0.202	-0.0010911
-76.122	0.3206	10.285	0.0843	-0.202	-0.0012142
-75.737	0.6275	11.752	0.3782	-0.202	-0.0010024
-74.779	-0.022	10.008	0.232	-0.201	-0.0012406
-79.244	0.1274	10.188	0.2093	-0.201	-0.0011448
-76.363	0.0268	6.301	0.1776	-0.2	-0.0011851
-76.609	-0.1772	10.286	0.6064	-0.2	-0.0009361
-77.38	-0.3813	7.132	-0.4031	-0.2	-0.0011625
-76.04	0.1554	7.195	-0.3146	-0.199	-0.0011914
-75.83	0.6583	7.563	0.1213	-0.199	-0.0012823
-74.115	-0.4035	9.656	0.418	-0.198	-0.0011439
-76.183	0.317	11.599	0.8447	-0.198	-0.0011847
-77.614	-0.0808	12.723	-0.4683	-0.198	-0.0009291
-77.723	0.0191	7.162	0.1268	-0.198	-0.0011788
-80.56	-0.1999	8.634	0.2182	-0.197	-0.0009511
-77.669	-0.1345	7.099	0.4341	-0.197	-0.0011199
-78.645	-0.2105	7.891	-0.2668	-0.196	-0.0010954
-76.377	0.6897	9.8	-0.0196	-0.195	-0.0008501
-77.01	-0.4033	11.467	0.0172	-0.194	-0.0009011
-77.019	-0.658	11.646	0.122	-0.193	-0.0010025
-77.453	0.2667	8.508	0.1697	-0.193	-0.001216
-76.85	0.0938	10.076	-0.9082	-0.192	-0.0011877
-76.447	-0.6464	10.92	0.3833	-0.19	-0.0010182
-75.096	0.4903	10.265	-0.0572	-0.19	-0.0010615
-72.353	0.3302	11.836	-0.2858	-0.188	-0.0012796
-75.095	0.0795	12.002	-0.0256	-0.187	-0.0007992
-77.001	-0.2342	8.911	-0.4633	-0.187	-0.0010727
-74.092	-0.2544	7.018	-0.0369	-0.187	-0.0008402
-74.479	-0.2059	12.189	0.1231	-0.186	-0.0010873
-74.443	-0.0153	10.938	-0.6491	-0.186	-0.001124
-75.103	0.0341	8.089	0.6012	-0.185	-0.0008531
-78.696	-0.451	9.407	-0.2611	-0.185	-0.0011998
-79.669	0.1918	9.916	-0.7639	-0.184	-0.0008206
-75.108	0.267	8.539	0.6325	-0.183	-0.000852
-74.425	-0.1117	10.536	0.9128	-0.182	-0.0011438
-76.495	0.7327	9.179	-0.0852	-0.182	-0.0010257
-77.669	0.1127	10.383	0.3716	-0.182	-0.0012468
-76.483	0.0946	11.145	-0.645	-0.182	-0.0010955
-75.387	0.09	10.92	0.9302	-0.181	-0.0009787
-75.794	0.0839	8.808	-0.4932	-0.18	-0.0009249
-75.371	0.0874	7.47	0.3962	-0.18	-0.0011878
-74.807	0.7536	10.57	-0.1499	-0.18	-0.0011985
-74.899	-0.5774	8.571	-0.081	-0.179	-0.0011308
-76.812	-0.224	9.662	-0.328	-0.178	-0.0009457
-73.7	-0.0743	12.51	-0.5003	-0.178	-0.0010542
-76.387	-0.2226	9.457	0.1153	-0.177	-0.0008738
-74.525	0.6143	8.85	-0.3487	-0.177	-0.001074
-75.601	0.4099	10.724	0.7454	-0.177	-0.0010657
-76.467	0.1102	11.795	-0.2394	-0.177	-0.0010956
-75.194	-0.1743	11.973	0.1541	-0.177	-0.0010754
-72.961	0.4275	12.075	0.53	-0.175	-0.0011698
-77.001	0.4759	8.46	-0.2591	-0.175	-0.0009017
-75.774	0.2437	10.165	0.4006	-0.175	-0.0012617
-72.494	0.1667	8.706	0.3775	-0.175	-0.0012139
-74.201	-0.6389	11.14	0.1742	-0.175	-0.0008098
-72.999	-0.1628	11.588	0.7293	-0.173	-0.001058
-75.291	-0.4449	9.352	0.7713	-0.171	-0.0011143
-76.794	0.0782	9.953	-0.6918	-0.17	-0.0010565
-75.551	-0.3889	13.091	-0.0328	-0.17	-0.0010592
-74.349	-0.7128	10.705	-0.2576	-0.169	-0.0011926
-75.92	-0.4691	8.997	-0.1347	-0.169	-0.0012823
-72.079	-0.242	8.78	-0.3852	-0.169	-0.0011864
-78.843	-0.3651	11.206	0.7491	-0.167	-0.0009087
-74.566	-0.3309	8.044	-0.2337	-0.166	-0.0011465
-79.002	-0.0065	10.377	-0.3937	-0.166	-0.0008681
-77.67	0.4403	9.826	0.5458	-0.165	-0.0010814
-80.743	-0.39	10.828	0.4158	-0.165	-0.0008224
-78.016	-0.0078	7.446	0.0102	-0.162	-0.0010189
-77.993	-0.1497	12.257	0.0059	-0.162	-0.0007974
-74.781	-0.5607	11.231	0.296	-0.161	-0.0008585
-76.576	-0.0014	9.898	0.1957	-0.16	-0.0009555
-74.406	0.6928	9.741	0.0421	-0.159	-0.001237
-72.621	-0.3264	9.714	0.4978	-0.159	-0.0012753
-75.942	0.3209	10.566	0.2209	-0.158	-0.0011031
-77.674	-0.4341	11.441	0.243	-0.157	-0.0010314
-73.471	0.0753	12.372	0.004	-0.156	-0.0009554
-77.869	-0.1581	9.896	0.4034	-0.155	-0.000923
-79.106	0.0398	10.446	0.3282	-0.154	-0.0009098
-75.082	0.4099	10.719	0.2718	-0.154	-0.0010935
-75.421	-0.4611	7.507	0.2978	-0.151	-0.0011964
-74.142	-0.442	8.755	0.2907	-0.15	-0.0009683
-73.041	-0.5214	10.98	0.3817	-0.15	-0.0010839
-71.879	-0.433	10.194	0.1856	-0.15	-0.0010603
-75.025	0.1348	10.125	-0.0225	-0.149	-0.0011837
-75.026	0.1179	9.278	0.1268	-0.149	-0.0011771
-72.415	-0.5538	8.935	0.2131	-0.148	-0.0012015
-78.896	0.1695	12.343	-0.175	-0.148	-0.0008466
-80.12	-0.1198	10.25	0.2614	-0.147	-0.0009209
-74.067	0.2346	11.99	0.7402	-0.147	-0.0012572
-79.759	0.3681	8.568	0.0921	-0.147	-0.0010765
-79.738	0.2307	9.386	-0.2257	-0.146	-0.0007924
-76.264	-0.2105	9.317	0.695	-0.143	-0.0008839
-74.747	-0.0266	12.482	-0.1216	-0.142	-0.0009701
-74.556	0.1086	11.151	0.189	-0.142	-0.0011661
-76.239	-0.0119	10.812	0.3596	-0.142	-0.0008592
-73.185	0.2464	12.874	0.3059	-0.141	-0.0010618
-76.484	-0.1443	9.276	0.2635	-0.141	-0.0008777
-77.581	0.0971	10.09	0.527	-0.141	-0.0009076
-78.915	-0.0394	7.891	0.3997	-0.14	-0.0011577
-78.738	0.0104	7.221	0.0642	-0.139	-0.0010716
-77.179	0.4626	10.98	-0.6274	-0.138	-0.0008163
-76.303	0.1262	7.832	0.2972	-0.138	-0.0009419
-77.686	0.11	8.822	0.4151	-0.138	-0.0012192
-75.326	0.4477	8.568	-0.3845	-0.137	-0.0010289
-74.284	-0.0531	9.78	0.0524	-0.137	-0.0009414
-79.483	0.2535	11.79	0.0028	-0.135	-0.0010708
-76.108	-0.4216	13.42	-0.2241	-0.135	-0.001168
-72.547	-0.0278	8.818	-0.3725	-0.134	-0.0010832
-76.004	-0.4252	11.001	0.4607	-0.134	-0.0010211
-77.475	-0.2476	13.206	0.3097	-0.134	-0.0008364
-79.116	0.2978	11.594	-0.4501	-0.134	-0.0009994
-78.246	-0.3344	11.324	-0.1915	-0.132	-0.0008618
-75.104	-0.4297	10.302	0.6859	-0.13	-0.0012528
-77.786	-0.286	6.664	0.0294	-0.13	-0.0011613
-75.231	0.3186	8.796	0.1576	-0.129	-0.0008339
-78.002	0.3712	12.839	0.0644	-0.127	-0.0009502
-77.159	-0.2372	13.284	-0.1318	-0.127	-0.0009464
-75.975	-0.0379	9.904	0.0798	-0.127	-0.001125
-73.732	0.2032	11.414	-0.6454	-0.126	-0.0011706
-74.439	-0.0597	12.229	-0.5557	-0.124	-0.0011286
-72.912	0.0557	7.975	-0.3589	-0.121	-0.0011857
-78.781	0.2666	11.788	0.4795	-0.121	-0.0009945
-74.378	-0.44	8.916	-0.1903	-0.12	-0.0010991
-77.522	0.436	12.979	-0.0756	-0.12	-0.0010878
-79.939	-0.2179	11.842	-0.6428	-0.118	-0.0008503
-77.4	0.2117	9.514	0.619	-0.117	-0.0011671
-75.107	-0.4202	9.808	0.4707	-0.116	-0.0011527
-76.368	0.2594	9.223	0.5079	-0.116	-0.0010008
-76.766	0.5768	10.541	-0.4989	-0.116	-0.0011658
-78.195	0.3094	10.19	-0.3496	-0.114	-0.0009545
-75.537	-0.0357	6.767	0.5824	-0.114	-0.0009136
-76.602	0.3175	12.022	-0.3557	-0.113	-0.0009766
-75.07	0.0038	11.314	-0.2837	-0.112	-0.0011906
-76.871	0.4176	9.36	-0.0007	-0.112	-0.0008301
-77.107	0.1426	9.159	-0.7646	-0.111	-0.0011767
-73.303	0.0003	10.134	0.4395	-0.111	-0.0010522
-77.027	-0.2948	12.213	0.296	-0.111	-0.0012098
-79.274	0.6076	12.156	0.0243	-0.111	-0.0008982
-73.423	-0.0751	6.783	-0.0554	-0.11	-0.0012504
-74.666	-0.07	9.522	0.216	-0.11	-0.0008329
-75.037	-0.4946	10.174	-0.541	-0.11	-0.0012154
-76.203	-0.6969	9.086	-0.0372	-0.109	-0.0009636
-77.073	-0.3134	12.573	-0.1203	-0.109	-0.0009415
-74.86	-0.5293	10.951	-0.0135	-0.108	-0.0010666
-80.099	0.2137	11.405	0.2618	-0.107	-0.0009241
-72.371	0.1073	12.407	-0.2564	-0.106	-0.0011063
-75.366	0.0835	8.201	0.4515	-0.106	-0.0010959
-73.739	0.4041	10.075	0.1386	-0.105	-0.0010604
-74.988	-0.0262	10.893	-0.7979	-0.103	-0.0010007
-73.989	0.0971	9.79	-0.6575	-0.101	-0.00105
-78.097	0.3587	10.023	-0.4651	-0.101	-0.0009743
-75.744	0.2743	8.929	0.0617	-0.099	-0.0009231
-76.406	-0.6589	11.858	0.29	-0.099	-0.0010385
-76.626	-0.1431	11.21	-0.5878	-0.097	-0.0012628
-75.789	-0.3156	8.142	-0.2711	-0.097	-0.0011105
-77.015	-0.1748	10.398	-0.6397	-0.096	-0.001117
-78.559	0.1946	7.221	-0.6576	-0.096	-0.0009042
-77.088	-0.3358	7.584	-0.0651	-0.095	-0.0009771
-76.172	-0.165	10.356	0.4592	-0.094	-0.0009828
-74.964	0.4626	6.94	-0.3677	-0.094	-0.0009964
-79.454	-0.0832	8.687	-0.6458	-0.093	-0.0010034
-78.504	-0.5124	8.381	-0.503	-0.093	-0.0010041
-72.385	-0.2187	9.354	-0.1964	-0.093	-0.0010787
-75.185	-0.4252	10.363	-0.731	-0.091	-0.0011732
-75.41	0.516	11.184	0.1538	-0.09	-0.0008398
-78.231	-0.0564	8.059	-0.9086	-0.09	-0.0009219
-73.762	0.133	11.789	-0.4322	-0.089	-0.0011842
-74.416	0.341	11.533	0.086	-0.089	-0.0008947
-78.012	0.3554	12.178	0.2579	-0.088	-0.0010703
-77.086	0.4021	10.174	0.3318	-0.088	-0.0010836
-73.429	0.5908	8.285	-0.4794	-0.087	-0.0012674
-73.558	-0.6263	10.221	-0.1067	-0.087	-0.0012194
-75.832	0.4959	9.074	-0.2796	-0.087	-0.0012118
-75.849	0.2069	12.418	0.3337	-0.086	-0.0011923
-73.707	-0.687	9.849	0.014	-0.086	-0.0011751
-76.734	0.099	10.465	-0.0369	-0.083	-0.001115
-77.365	-0.4847	9.455	0.1469	-0.082	-0.0011517
-76.646	-0.3152	9.691	0.6521	-0.081	-0.0011039
-72.536	0.1743	11.357	-0.1524	-0.078	-0.0012532
-76.942	0.2924	11.749	-0.6045	-0.077	-0.000989
-73.554	0.0592	9.714	0.28	-0.076	-0.0010048
-77.62	0.3602	12.591	0.4389	-0.074	-0.0009925
-77.162	0.2631	7.204	-0.5493	-0.074	-0.001234
-74.692	-0.5421	7.836	-0.2119	-0.074	-0.0010839
-77.109	0.3793	8.537	0.2258	-0.071	-0.0010014
-72.187	0.3559	9.655	-0.3697	-0.071	-0.0009858
-71.208	-0.4137	10.036	0.0044	-0.07	-0.0011552
-75.297	-0.0078	13.103	0.6174	-0.069	-0.0011109
-75.209	-0.1529	11.382	0.3319	-0.069	-0.0008302
-77.273	0.3302	7.828	-0.2052	-0.068	-0.0009891
-73.974	0.0093	9.723	0.8191	-0.068	-0.0010933
-74.917	0.072	10.486	0.7056	-0.067	-0.001236
-72.846	0.0005	9.788	0.5606	-0.067	-0.0012977
-80.247	-0.1868	10.035	-0.2092	-0.066	-0.0010267
-77.778	-0.5773	7.437	-0.0995	-0.066	-0.0009985
-76.97	0.705	9.077	-0.1619	-0.064	-0.0007907
-73.578	-0.6022	9.155	0.4651	-0.063	-0.0010555
-74	-0.3839	9.411	-0.6388	-0.063	-0.0011698
-76.792	-0.5692	11.274	-0.3307	-0.063	-0.0011598
-77.754	0.097	7.283	0.053	-0.063	-0.0010656
-75.726	0.3375	8.576	-0.6986	-0.062	-0.0009906
-72.419	-0.2159	8.926	0.0596	-0.062	-0.0010333
-73.501	0.2316	11.02	0.0163	-0.061	-0.0010928
-73.023	-0.1675	9.368	-0.8049	-0.06	-0.0012254
-78.921	0.0868	7.684	-0.4818	-0.06	-0.0010486
-79.517	-0.021	9.703	0.1863	-0.06	-0.0011387
-74.561	-0.4261	7.875	0.3564	-0.056	-0.000949
-74.369	-0.2362	11.562	-0.0122	-0.056	-0.0009962
-77.19	-0.0834	13.338	0.3458	-0.055	-0.0008899
-75.157	0.3644	11.485	0.5918	-0.054	-0.0012341
-74.235	0.6364	11.345	-0.4125	-0.054	-0.0012113
-74.274	0.15	7.779	0.1379	-0.053	-0.0010435
-78.276	-0.335	7.716	0.3951	-0.052	-0.0008568
-79.572	-0.2049	9.953	-0.3954	-0.051	-0.0009436
-77.202	-0.2188	13.484	-0.1559	-0.05	-0.0008928
-77.409	0.0303	13.079	0.5181	-0.05	-0.001034
-76.413	-0.4521	10.674	0.0711	-0.049	-0.0009828
-79.276	0.2369	10.065	0.6145	-0.048	-0.001089
-73.921	-0.2004	11.236	0.1553	-0.048	-0.0011858
-74.64	-0.1087	7.694	-0.613	-0.048	-0.0009483
-77.589	0.2616	10.95	0.0077	-0.047	-0.0009743
-74.9	-0.4543	9.35	-0.5952	-0.047	-0.0009921
-78.163	-0.239	13.438	0.196	-0.047	-0.000871
-77.374	0.0154	9.71	-0.7763	-0.047	-0.0012557
-75.873	0.163	11.343	-0.1058	-0.046	-0.001152
-78.876	0.4512	10.283	0.3175	-0.044	-0.0011219
-75.38	0.0036	8.483	-0.187	-0.043	-0.0009216
-74.185	-0.3362	9.402	-0.138	-0.041	-0.0010795
-77.401	-0.0248	8.378	0.5721	-0.041	-0.001072
-73.049	-0.484	8.499	-0.4321	-0.041	-0.0011662
-73.724	0.0672	10.464	-0.4492	-0.041	-0.0010179
-74.615	0.3979	10.683	-0.525	-0.04	-0.0009356
-77.02	-0.3268	9.853	-0.8728	-0.039	-0.0012025
-76.271	-0.1302	8.854	0.7013	-0.039	-0.0010577
-76.055	-0.4276	10.469	0.7504	-0.038	-0.0012338
-77.383	-0.4958	8.9	-0.56	-0.038	-0.0009323
-81.011	0.3592	10.363	-0.0807	-0.036	-0.0009275
-74.39	0.5248	12.157	-0.3156	-0.035	-0.0012075
-76.196	-0.5764	8.545	-0.2351	-0.034	-0.0011408
-75.834	0.0788	12.599	0.1939	-0.034	-0.0009629
-74.324	-0.231	11.475	-0.5072	-0.033	-0.0010344
-75.239	0.2068	9.912	-0.7072	-0.033	-0.0011375
-73.782	-0.3768	10.711	-0.6166	-0.032	-0.0008847
-77.444	0.2524	11.051	0.057	-0.032	-0.0010818
-74.598	-0.0574	7.193	-0.2265	-0.032	-0.0012345
-74.901	0.6362	10.888	0.2261	-0.031	-0.0010073
-75.598	-0.1627	7.867	0.232	-0.031	-0.0011071
-78.648	-0.0475	10.402	0.1284	-0.031	-0.0009636
-77.934	-0.0364	9.597	-0.0789	-0.031	-0.0010324
-74.856	-0.1763	11.573	0.3419	-0.03	-0.0011546
-74.877	0.0464	12.072	-0.2081	-0.029	-0.0011861
-78.041	-0.6898	9.235	0.1846	-0.027	-0.0012386
-78.749	-0.0896	10.301	0.3435	-0.027	-0.0012511
-72.969	0.1045	13.464	0.0033	-0.026	-0.0012344
-74.931	0.2109	13.285	0.402	-0.026	-0.0010544
-74.376	-0.6394	9.385	0.5034	-0.026	-0.0010846
-74.855	0.3889	8.866	-0.258	-0.022	-0.00121
-73.607	-0.3585	12.738	0.1592	-0.021	-0.0012237
-72.031	-0.1008	11.467	0.6519	-0.02	-0.0012387
-75.34	-0.1527	9.289	-0.2342	-0.02	-0.0010563
-73.94	0.0573	7.689	0.391	-0.02	-0.0009328
-71.996	-0.0641	9.394	0.0297	-0.019	-0.001238
-76.418	-0.0471	8.185	-0.125	-0.019	-0.0009079
-72.674	0.0391	9.633	0.615	-0.019	-0.0011229
-78.317	0.0155	6.989	0.3931	-0.019	-0.0008659
-79.145	0.7479	10.48	0.3267	-0.017	-0.0008568
-75.582	-0.4146	10.568	0.482	-0.016	-0.000876
-78.584	0.429	8.923	-0.6648	-0.016	-0.0010229
-76.837	0.439	9.366	0.0171	-0.015	-0.0012882
-77.658	-0.333	9.071	0.0429	-0.014	-0.0009004
-74.001	0.4977	11.83	-0.2761	-0.014	-0.0012137
-78.451	0.0601	12.005	0.5505	-0.013	-0.0009766
-76.427	-0.2197	10.395	0.0439	-0.013	-0.00094
-75.928	-0.0284	10.396	0.6298	-0.013	-0.0009482
-78.729	0.3823	10.802	-0.2874	-0.012	-0.0011315
-77.216	-0.309	12.901	-0.3201	-0.011	-0.0009457
-77.223	-0.5032	8.944	0.37	-0.011	-0.0010732
-74.947	0.0402	8.992	0.7649	-0.01	-0.0010524
-74.856	0.1397	6.266	0.0864	-0.01	-0.0011099
-73.291	0.0699	9.146	0.6385	-0.009	-0.0009122
-70.615	0.1592	9.064	-0.0073	-0.008	-0.0012986
-76.892	0.7533	10.757	0.2113	-0.007	-0.00106
-78.167	-0.069	9.53	0.1773	-0.007	-0.0008155
-76.466	-0.0277	10.084	0.4924	-0.007	-0.0011889
-72.478	-0.2596	10.631	0.5164	-0.006	-0.0011333
-74.196	0.09	9.706	0.4168	-0.006	-0.0011729
-77.396	0.1549	11.22	-0.1829	-0.003	-0.0012324
-74.974	0.2048	12.796	0.2849	-0.003	-0.001159
-77.418	-0.1603	11.69	0.6206	-0.003	-0.0009522
-75.822	-0.6754	10.5	-0.4077	-0.001	-0.0010507
-76.624	-0.2718	7.857	-0.2838	-0	-0.0009709
-76.184	0.5709	8.401	0.0075	0	-0.0009944
-76.367	-0.1586	10.955	0.0562	0	-0.0008945
-77.626	-0.5098	11.178	0.0628	0.001	-0.0012182
-76.563	0.0993	9.313	0.9745	0.003	-0.0009911
-75.13	-0.736	8.952	-0.0784	0.003	-0.0009964
-77.788	0.0773	10.209	0.2173	0.003	-0.000957
-76.974	-0.1379	13.063	-0.1646	0.004	-0.0010809
-77.166	0.1698	8.687	0.5675	0.005	-0.0011409
-76.972	0.108	7.654	0.5141	0.006	-0.0009634
-73.048	0.0612	8.948	-0.6892	0.006	-0.0010901
-78.752	0.1226	12.066	0.4151	0.007	-0.00095
-75.999	0.013	10.163	0.4595	0.008	-0.0009341
-74.991	0.5517	10.206	0.189	0.008	-0.0011756
-73.162	-0.117	7.206	0.2817	0.008	-0.0010257
-78.632	-0.4697	11.512	0.1438	0.009	-0.0010878
-78.414	0.3288	8.44	-0.0452	0.011	-0.0012028
-74.036	-0.4623	10.257	0.1423	0.011	-0.0009288
-74.793	-0.551	9.933	0.3173	0.012	-0.0010911
-78.688	-0.4735	11.177	0.1213	0.013	-0.0010228
-77.833	-0.0246	10.102	0.3265	0.014	-0.0010145
-75.371	0.5046	11.729	-0.3697	0.014	-0.001169
-76.493	-0.1074	11.291	-0.4863	0.014	-0.001036
-76.825	-0.6106	7.113	-0.1006	0.015	-0.000918
-73.233	0.4605	10.13	0.1915	0.015	-0.0009693
-74.616	-0.5682	9.099	0.356	0.017	-0.0009292
-76.144	-0.1184	11.986	0.5496	0.018	-0.0010708
-75.494	-0.4289	10.726	-0.5785	0.019	-0.0010262
-74.669	0.4281	9.826	0.4581	0.02	-0.0011093
-73.838	-0.2533	10.382	0.4737	0.02	-0.0010252
-77.31	0.2793	11.339	0.4056	0.022	-0.0010547
-79.42	0.11	9.506	-0.1058	0.022	-0.0008376
-77.479	0.2996	8.569	0.1888	0.022	-0.0009623
-74.092	-0.1585	13.044	-0.5959	0.023	-0.0011328
-74.286	-0.5852	9.222	-0.325	0.023	-0.0009022
-74.776	-0.2301	8.333	0.2704	0.024	-0.0010804
-74.698	-0.5803	12.101	-0.3715	0.024	-0.0009952
-76.867	-0.4354	9.639	0.5051	0.026	-0.0009824
-74.872	-0.5868	11.842	0.3637	0.026	-0.0012407
-78.028	-0.2226	10.579	-0.8077	0.026	-0.0009248
-74.773	-0.126	6.535	-0.4158	0.026	-0.0010801
-77.253	-0.4936	12.561	0.022	0.027	-0.0009297
-76.13	0.2381	7.419	0.7896	0.028	-0.0011459
-78.511	0.228	8.556	-0.5376	0.029	-0.000923
-76.165	-0.4437	11.598	-0.1369	0.03	-0.0009755
-73.826	0.4095	11.189	-0.0117	0.03	-0.0011508
-73.355	0.213	9.498	-0.2695	0.031	-0.0012303
-72.329	-0.1541	8.396	-0.0827	0.031	-0.0009175
-73.45	0.2231	12.541	-0.5314	0.033	-0.0010971
-75.66	-0.3162	11.389	-0.5202	0.033	-0.0011396
-76.095	0.689	10.092	-0.5699	0.033	-0.0009385
-75.943	-0.4686	12.737	0.1364	0.033	-0.0011355
-77.831	0.0173	12.198	-0.0478	0.034	-0.0011087
-76.951	-0.2735	8.24	-0.4154	0.034	-0.0008897
-76.599	-0.5766	12.262	0.1172	0.034	-0.0011333
-78.843	0.0446	12.125	0.5918	0.034	-0.000889
-77.18	0.3271	9.772	-0.0808	0.034	-0.0010291
-75.16	-0.2973	7.424	-0.5579	0.035	-0.0011818
-74.828	0.0011	9.486	0.0839	0.035	-0.0011698
-79.294	0.0517	10.94	0.0031	0.036	-0.0011293
-72.103	-0.0286	10.974	0.5491	0.036	-0.0011079
-75.303	-0.4908	10.333	0.2294	0.036	-0.0009515
-74.556	0.2466	10.475	-0.8377	0.036	-0.001157
-75.912	-0.3032	6.767	0.0945	0.037	-0.0012468
-75.413	-0.279	11.77	0.531	0.038	-0.0010261
-73.037	0.3094	11.749	0.1563	0.038	-0.0009991
-77.575	-0.3358	12.017	-0.3323	0.038	-0.0008821
-78.835	0.2034	7.244	-0.4657	0.039	-0.0009419
-78.129	-0.0732	10.735	-0.66	0.04	-0.0009871
-74.434	0.2148	12.237	-0.7447	0.041	-0.0010878
-74.826	-0.319	11.088	0.4409	0.042	-0.0011835
-77.646	-0.1899	9.633	0.4127	0.042	-0.0010569
-74.852	0.266	9.532	0.3431	0.042	-0.0010794
-74.54	0.3528	7.321	-0.0191	0.044	-0.0010376
-76.915	-0.0527	11.398	-0.7414	0.045	-0.0008475
-73.881	-0.3768	9.331	0.6325	0.045	-0.0008476
-74.891	0.2557	7.835	0.8422	0.046	-0.0010725
-75.778	0.5846	8.36	0.5239	0.046	-0.0010994
-73.286	-0.2689	10.775	-0.6555	0.046	-0.0010574
-76.433	0.0632	7.081	0.2346	0.046	-0.0009831
-79.797	0.5914	10.243	0.2799	0.046	-0.000944
-78.01	0.1742	11.304	-0.0696	0.046	-0.0010169
-77.247	0.0086	7.812	-0.0691	0.047	-0.0010582
-76.408	0.5397	9.012	-0.2922	0.047	-0.0011434
-75.789	0.405	13.04	-0.0137	0.047	-0.0011286
-75.423	-0.0558	9.266	-0.3138	0.048	-0.0010106
-74.944	0.2385	10.228	0.2532	0.048	-0.0010982
-75.502	0.1177	11.686	0.3307	0.049	-0.0011792
-79.073	-0.0131	9.563	0.7243	0.05	-0.0011464
-71.009	0.1119	10.34	-0.2794	0.051	-0.0011623
-74.79	-0.1442	7.411	0.1272	0.052	-0.0011157
-78.104	0.3981	13.155	-0.0318	0.052	-0.0010602
-74.522	-0.6139	9.275	-0.0447	0.053	-0.0009111
-77.397	-0.2688	9.008	-0.4534	0.055	-0.000871
-73.353	-0.1948	11.017	0.3154	0.055	-0.0009959
-76.828	-0.3697	10.812	0.8422	0.056	-0.0011659
-73.877	-0.0796	12.377	-0.2987	0.057	-0.0011641
-79.264	-0.3497	9.166	-0.2027	0.057	-0.0009053
-74.638	-0.1915	9.24	-0.3087	0.058	-0.0012881
-78.499	0.0352	10.254	-0.2238	0.058	-0.0010587
-76.735	-0.1034	6.888	-0.6313	0.059	-0.0010018
-76.662	-0.5662	11.201	0.17	0.059	-0.00129
-77.01	-0.368	8.977	-0.6354	0.06	-0.0010501
-74.541	0.0725	12.316	-0.1661	0.06	-0.0010104
-76.998	0.6736	10.91	0.5611	0.061	-0.0010272
-78.561	0.0893	9.226	0.8764	0.062	-0.0011074
-72.532	0.1189	9.601	-0.3551	0.062	-0.0010838
-73.911	-0.2088	12.366	-0.2652	0.063	-0.0010007
-81.056	0.3577	8.985	0.3631	0.063	-0.0008144
-76.187	0.2251	9.112	0.1065	0.065	-0.000941
-75.788	-0.215	8.992	-0.5149	0.066	-0.0012374
-79.018	-0.386	12.103	-0.1071	0.066	-0.0008567
-77.869	0.123	11.541	0.3313	0.067	-0.0009725
-72.295	-0.0801	9.499	0.5727	0.068	-0.0010895
-76.513	0.3626	7.808	-0.4585	0.068	-0.0011318
-76.3	0.2058	7.734	0.269	0.068	-0.0009318
-77.522	0.4793	9.808	-0.5274	0.07	-0.0009965
-77.129	0.2112	10.829	0.5832	0.072	-0.0010169
-76.433	-0.0576	11.26	-0.4131	0.073	-0.0011386
-76.097	-0.2965	11.478	-0.4967	0.073	-0.0011212
-73.197	0.4083	10.591	0.4107	0.074	-0.0011366
-73.394	-0.5668	11.659	-0.3398	0.074	-0.0012626
-75.458	-0.1936	9.266	-0.0399	0.076	-0.0008468
-77.463	0.3434	9.843	0.5432	0.076	-0.0008949
-74.076	0.2177	9.365	0.4091	0.076	-0.0009456
-78.453	0.4471	12.293	-0.4057	0.08	-0.0008645
-76.586	-0.8298	9.917	0.0302	0.081	-0.0011437
-77.438	-0.6176	10.251	-0.2296	0.081	-0.001115
-73.659	-0.1973	7.241	0.3802	0.085	-0.0010981
-71.433	-0.2405	10.285	0.1975	0.085	-0.0011439
-75.188	-0.082	11.773	0.0115	0.085	-0.0009754
-75.218	-0.2905	9.48	0.3893	0.086	-0.0009698
-77.747	0.4059	9.393	-0.1607	0.087	-0.001023
-73.06	0.6317	9.906	-0.0376	0.087	-0.0012332
-74.688	-0.4063	9.964	0.7305	0.088	-0.0010354
-77.411	0.4008	10.35	-0.4866	0.088	-0.0012607
-78.409	-0.2691	11.607	0.3221	0.088	-0.0011305
-75.25	-0.5302	8.741	-0.7125	0.088	-0.0008809
-75.749	-0.013	11.233	0.6551	0.088	-0.0011665
-79.053	-0.2448	11.204	-0.2004	0.09	-0.0012195
-78.559	-0.1664	12.413	-0.4653	0.09	-0.0008875
-77.068	0.2714	11.145	0.3945	0.091	-0.0010519
-76.572	0.2507	10.876	0.2216	0.093	-0.0009471
-74.354	0.0307	7.765	-0.1797	0.093	-0.0008784
-74.886	0.3824	12.255	0.3818	0.094	-0.0012716
-78.464	-0.1224	10.873	-0.8149	0.095	-0.0008298
-73.535	-0.1679	12.414	0.2048	0.096	-0.0011819
-72.4	-0.3564	9.574	-0.3321	0.096	-0.0010953
-74.991	0.5843	9.313	0.3556	0.098	-0.0010715
-79.006	-0.34	12.803	0.2141	0.098	-0.0009026
-76.829	-0.6353	11.778	0.4139	0.1	-0.0011879
-75.733	0.2124	9.751	-0.7973	0.101	-0.0012229
-80.201	-0.1801	9.428	-0.1226	0.101	-0.0011441
-77.431	0.5297	10.242	-0.4059	0.102	-0.0012491
-72.875	0.018	11.149	0.3245	0.103	-0.0012741
-79.801	0.0718	11.735	-0.3397	0.103	-0.0009067
-75.276	0.0066	11.195	0.7734	0.105	-0.0009201
-75.913	-0.6177	9.235	0.3093	0.105	-0.0011394
-75.572	0.1145	12.917	-0.1889	0.105	-0.0011142
-73.398	-0.3855	10.015	-0.3382	0.105	-0.0008948
-75.06	-0.5093	7.789	0.4276	0.106	-0.0011218
-76.169	-0.0874	7.418	0.4085	0.107	-0.0009468
-77.691	0.5482	8.203	-0.2962	0.108	-0.0009615
-77.607	-0.1229	9.656	-0.1374	0.108	-0.00104
-73.754	-0.2576	10.454	-0.2058	0.11	-0.001068
-75.982	0.2264	10.191	-0.1024	0.111	-0.0012276
-76.204	0.0484	10.199	0.2722	0.111	-0.0008337
-77.153	-0.2083	10.549	-0.1904	0.111	-0.0009407
-73.674	-0.2202	9.483	0.7164	0.112	-0.0010617
-76.397	0.48	7.653	0.5263	0.112	-0.0011232
-72.624	0.2088	8.308	0.2298	0.113	-0.0010354
-77.507	0.1087	8.215	-0.5115	0.113	-0.0010616
-76.729	-0.1846	6.88	0.0354	0.113	-0.0009397
-75.106	-0.0962	9.425	0.0576	0.117	-0.0009326
-74.093	-0.3729	9.342	-0.1721	0.119	-0.0008683
-78.299	0.1947	12.584	-0.6015	0.119	-0.0010151
-75.357	-0.5006	9.771	-0.3319	0.12	-0.0009753
-75.67	-0.1675	13.393	0.0967	0.12	-0.0012713
-79.23	0.4294	12.044	-0.1103	0.12	-0.0011003
-75.741	0.582	9.414	0.5798	0.12	-0.0009155
-74.569	-0.1622	11.904	0.8414	0.121	-0.0011736
-77.503	-0.4477	7.949	-0.4908	0.121	-0.0011669
-77.549	0.2064	11.024	0.4279	0.121	-0.0008904
-76.311	-0.1236	9.513	-0.7121	0.122	-0.0009306
-73.096	-0.3128	11.288	0.007	0.122	-0.0012936
-72.128	-0.2795	9.294	0.2459	0.122	-0.0010991
-78.166	0.4151	10.505	-0.5556	0.123	-0.0010112
-78.034	0.8186	10.221	0.3731	0.123	-0.0008304
-74.729	0.2641	9.202	-0.3692	0.124	-0.0009462
-75.42	-0.2755	9.206	-0.2883	0.124	-0.0010299
-77.876	-0.0712	13.041	-0.2783	0.125	-0.0009628
-76.241	-0.035	10.059	-0.6962	0.126	-0.0008828
-73.348	0.476	9.419	0.5708	0.129	-0.0011975
-75.782	-0.6825	11.234	-0.3493	0.129	-0.0009256
-78.221	0.5357	9.021	0.2157	0.129	-0.001172
-78.334	0.1626	12.056	-0.6256	0.129	-0.0010569
-77.649	-0.5854	11.189	0.6436	0.129	-0.0010729
-76.714	0.1478	8.87	0.9688	0.13	-0.0009482
-78.941	-0.2729	9.99	0.3991	0.131	-0.0009528
-73.545	0.3423	10.616	0.5741	0.131	-0.0009662
-76.723	-0.3799	9.627	0.8497	0.131	-0.0011685
-79.56	-0.2563	11.475	-0.4828	0.134	-0.0008128
-77.081	-0.3387	8.682	0.5994	0.135	-0.0009057
-76.605	0.4794	10.31	-0.5415	0.136	-0.0011484
-73.417	0.0855	12.191	-0.6926	0.136	-0.0012748
-75.369	0.5314	10.431	-0.3324	0.136	-0.0011475
-76.132	0.6045	8.118	0.242	0.138	-0.0012364
-79.978	0.494	8.167	0.0654	0.139	-0.0009681
-73.457	0.0236	13.523	-0.2829	0.14	-0.0011804
-74.457	0.2537	9.613	0.2524	0.141	-0.0007986
-73.798	-0.7068	9.012	0.4302	0.141	-0.0011015
-79.427	0.1736	11.52	0.3197	0.141	-0.0008442
-75.775	-0.1899	7.771	-0.3452	0.141	-0.0010304
-77.12	-0.1628	12.608	-0.1391	0.142	-0.0008848
-74.533	-0.0738	9.304	-0.3663	0.142	-0.0011942
-78.151	-0.5776	8.532	0.0075	0.142	-0.0008739
-76.388	0.4296	8.876	0.807	0.143	-0.001018
-72.626	0.1689	9.563	0.2144	0.143	-0.0011654
-80.133	0.2214	9.704	0.4666	0.144	-0.0009594
-74.703	-0.2904	7.427	0.4484	0.145	-0.0011279
-75.165	0.3732	10.131	-0.6004	0.146	-0.0008258
-77.316	0.3859	7.113	-0.3449	0.146	-0.0008719
-79.028	-0.4344	10.137	0.0368	0.148	-0.0010611
-78.818	0.2327	12.085	0.3821	0.149	-0.0008787
-80.137	0.1062	9.846	-0.3202	0.149	-0.0009844
-75.911	0.3933	8.871	-0.3821	0.149	-0.0009744
-74.964	-0.002	7.738	0.1733	0.151	-0.0008934
-74.737	-0.1952	10.556	-0.0939	0.154	-0.0010328
-75.91	-0.3604	7.391	-0.5547	0.154	-0.0009118
-73.328	-0.4424	10.267	-0.6843	0.154	-0.0011478
-73.685	-0.1083	9.417	-0.5342	0.155	-0.000948
-74.236	-0.2504	13.06	0.529	0.156	-0.001042
-77.657	0.2824	11.396	0.642	0.156	-0.0009521
-77.223	0.0745	7.759	0.7207	0.157	-0.0011454
-75.618	0.3187	12.378	0.4439	0.158	-0.0010088
-79.354	-0.6595	9.805	0.1343	0.158	-0.0008698
-77.434	0.1809	11.443	-0.7884	0.158	-0.0010728
-77.379	-0.2246	11.177	-0.6064	0.158	-0.0010582
-77.444	0.4446	9.883	0.0978	0.158	-0.0011983
-78.839	-0.1624	6.883	0.2278	0.159	-0.000932
-75.553	-0.2156	10.774	-0.5787	0.159	-0.0011792
-73.183	0.2314	10.264	0.7106	0.16	-0.0010387
-76.921	0.3938	8.01	-0.3829	0.16	-0.0011494
-77.427	0.5268	9.148	0.5345	0.162	-0.0009654
-77.79	0.2492	12.989	0.0344	0.163	-0.0009816
-73.156	0.3228	11.881	0.1928	0.164	-0.0009489
-73.704	0.3082	11.519	0.7119	0.164	-0.0012546
-78.087	0.1841	9.625	-0.3198	0.165	-0.0012155
-74.483	-0.0798	12.412	0.2753	0.166	-0.0011552
-77.083	-0.32	9.886	-0.0141	0.167	-0.0008794
-76.055	0.5177	11.188	-0.3546	0.167	-0.0011151
-76.004	0.2528	9.792	-0.3285	0.167	-0.0010191
-73.868	-0.2319	9.775	-0.1379	0.167	-0.0009484
-76.015	0.4982	8.545	0.5578	0.168	-0.0008896
-74.452	-0.0783	11.877	0.3703	0.168	-0.0010147
-73.491	-0.3343	8.564	-0.244	0.168	-0.0010099
-73.62	0.0234	10.958	0.5203	0.168	-0.0009182
-74.849	0.1764	8.9	0.544	0.168	-0.0011394
-76.03	0.3005	11.546	0.0332	0.168	-0.0011365
-77.291	0.0166	6.491	0.0764	0.169	-0.000857
-73.138	0.1021	7.431	0.5744	0.17	-0.0011704
-72.039	-0.4103	10.857	-0.1122	0.17	-0.0012189
-76.892	0.0876	10.155	0.2914	0.171	-0.0010713
-76.785	0.482	9.785	-0.1043	0.172	-0.0010373
-78.582	-0.5457	9.401	0.1645	0.172	-0.0009775
-72.3	-0.5723	10.045	0.032	0.172	-0.0011809
-78.427	-0.0226	9.94	0.1566	0.173	-0.0009022
-76.695	0.3677	12.379	-0.5083	0.173	-0.0010603
-74.499	-0.3997	10.458	-0.7282	0.174	-0.0011126
-74.335	-0.1565	9.22	0.336	0.175	-0.0010467
-75.971	-0.3331	7.762	0.1012	0.175	-0.0011547
-79.21	-0.4351	10.319	-0.3544	0.176	-0.0009712
-73.14	-0.1399	9.621	-0.0982	0.176	-0.0009077
-76.538	-0.6291	12.406	-0.4208	0.176	-0.0010313
-74.217	-0.5586	8.843	-0.4747	0.176	-0.0012477
-73.992	-0.0538	8.179	-0.5448	0.177	-0.000856
-74.964	-0.2526	8.335	-0.1429	0.178	-0.0011219
-75.627	0.0901	12.911	-0.1702	0.181	-0.0010384
-77.807	-0.3269	8.209	-0.2031	0.182	-0.0009611
-75.308	-0.5054	10.818	-0.3688	0.182	-0.0011063
-72.954	0.0053	13.055	0.1553	0.183	-0.0010942
-77.602	0.3116	8.158	-0.3524	0.185	-0.0011419
-72.357	-0.1786	9.286	0.2638	0.186	-0.0012435
-75.042	0.2081	13.415	-0.2655	0.188	-0.0009977
-75.755	-0.299	12.492	-0.3051	0.189	-0.0009651
-73.555	0.2294	8.134	0.601	0.19	-0.0012072
-79.889	0.2322	11.619	-0.521	0.191	-0.0009505
-75.876	-0.0384	9.044	0.5832	0.191	-0.0008517
-76.528	0.6637	9.761	0.3783	0.191	-0.001045
-79.566	0.3097	11.56	0.1786	0.192	-0.0009256
-75.36	0.1829	8.982	-0.2222	0.192	-0.0008951
-79.357	0.5558	10.518	0.432	0.194	-0.0010567
-75.36	-0.3982	10.573	-0.2063	0.194	-0.0011913
-77.358	0.2273	13.408	-0.0482	0.194	-0.0009802
-74.019	0.2528	10.49	0.2916	0.196	-0.0011541
-77.325	-0.3349	8.783	0.6609	0.197	-0.0012399
-75.245	0.0449	8.068	-0.852	0.197	-0.0009881
-76.057	-0.3892	9.888	-0.1662	0.198	-0.0008408
-75.163	0.5319	11.199	0.0356	0.199	-0.0012363
-73.184	-0.1231	8.667	0.3505	0.199	-0.0012053
-75.162	-0.5805	11.331	-0.4323	0.201	-0.0010481
-74.3	-0.0205	6.905	-0.1372	0.204	-0.0009398
-76.822	-0.3866	12.497	0.4899	0.205	-0.0010331
-72.271	-0.2947	10.362	-0.3604	0.206	-0.0011738
-75.433	-0.1448	10.107	-0.8016	0.206	-0.0012829
-79.266	-0.3934	9.666	0.3856	0.207	-0.0011062
-75.588	-0.1386	10.066	0.2364	0.208	-0.0010315
-74.668	0.3903	10.054	-0.4578	0.209	-0.0011048
-77.946	0.0411	9.139	0.2905	0.211	-0.0009561
-75.173	0.31	7.978	0.0071	0.212	-0.0008293
-74.616	-0.3514	11.361	-0.6956	0.212	-0.0012095
-72.619	-0.2041	8.625	-0.1907	0.213	-0.0009749
-77.006	-0.2366	7.765	0.3499	0.214	-0.0011833
-74.226	-0.6326	11.59	-0.3091	0.216	-0.0012265
-76.491	0.0596	12.954	0.6715	0.216	-0.0010274
-74.89	0.315	11.138	-0.5744	0.218	-0.0010803
-78.335	-0.3736	12.252	0.1927	0.22	-0.0009751
-76.507	0.3259	9.968	0.5543	0.221	-0.0012505
-76.853	0.1512	10.161	0.1001	0.221	-0.0008661
-77.8	-0.0611	12.879	-0.0697	0.222	-0.0012296
-76.631	0.1253	10.447	0.2357	0.224	-0.0008833
-77.293	-0.3161	11.095	-0.4608	0.224	-0.0012234
-76.05	0.0998	10.92	-0.3972	0.226	-0.0010745
-76.457	-0.3761	9.583	-0.1616	0.227	-0.0008396
-75.554	-0.0238	9.735	-0.7767	0.227	-0.0012175
-77.754	-0.1744	8.523	0.4853	0.229	-0.0009741
-74.195	-0.3547	10.072	0.3373	0.23	-0.0008767
-75.888	0.563	9.12	-0.4538	0.232	-0.000992
-78.179	-0.559	9.293	0.2347	0.232	-0.0010362
-74.053	0.2586	10.204	0.516	0.232	-0.0009538
-74.097	-0.2737	7.216	0.0036	0.232	-0.0008879
-79.24	0.0311	10.542	-0.2959	0.233	-0.0009277
-78.75	-0.4608	9.179	-0.1196	0.233	-0.0012772
-75.22	-0.0666	7.057	-0.2212	0.234	-0.001047
-73.629	-0.2939	10.866	0.1055	0.235	-0.0010296
-75.396	-0.5038	12.672	-0.0319	0.235	-0.0010895
-77.472	0.7027	8.941	0.0871	0.235	-0.0009533
-77.027	-0.1166	9.391	0.8667	0.237	-0.0009856
-79.22	0.5641	8.738	0.2397	0.237	-0.0009846
-74.215	-0.1866	10.077	-0.5477	0.238	-0.0009889
-78.848	-0.1038	8.427	0.2476	0.238	-0.0010655
-75.885	-0.1533	11.211	-0.6811	0.238	-0.0009543
-74.591	-0.1169	10.076	0.6631	0.24	-0.0012198
-75.298	0.083	7.009	0.1155	0.243	-0.0010135
-77.364	0.067	6.83	0.0664	0.246	-0.0009297
-74.953	0.5068	10.156	0.4576	0.248	-0.0010488
-73.951	-0.0306	9.331	-0.8867	0.248	-0.0009313
-76.828	0.0957	10.746	0.2724	0.248	-0.0011116
-74.842	0.4376	10.246	-0.6966	0.249	-0.0009844
-74	-0.087	8.306	-0.0705	0.25	-0.0010215
-72.693	-0.3068	11.279	-0.1203	0.25	-0.0011021
-74.655	-0.0855	9.272	-0.6687	0.251	-0.0012063
-75.818	-0.1193	8.32	-0.3063	0.251	-0.0009092
-74.116	-0.0273	10.645	-0.305	0.251	-0.0011574
-74.276	0.0077	9.33	-0.2737	0.252	-0.0012761
-73.732	-0.0908	9.792	0.6032	0.253	-0.0011319
-80.067	-0.5068	11.786	0.2308	0.257	-0.0008326
-78.371	-0.2194	8.907	-0.4754	0.258	-0.0011206
-73.554	0.1635	8.159	-0.158	0.258	-0.001013
-77.22	0.0901	6.937	-0.0603	0.259	-0.0008375
-74.806	0.155	11.423	-0.0933	0.26	-0.001064
-73.801	0.3875	10.829	0.6588	0.26	-0.001154
-73.589	0.3266	9.075	-0.2387	0.264	-0.0010367
-77.901	-0.3177	13.12	0.1073	0.264	-0.0010599
-75.222	-0.3874	7.998	-0.0174	0.266	-0.0012622
-73.893	0.2893	10.946	0.1791	0.266	-0.0009189
-73.12	0.0394	11.325	0.0036	0.269	-0.0011996
-73.762	-0.142	11.743	0.4251	0.27	-0.001143
-75.504	0.3604	9.436	-0.3142	0.271	-0.0008906
-75.329	-0.0893	10.393	0.1304	0.271	-0.001236
-76.489	0.5159	9.62	0.261	0.271	-0.000835
-78.431	0.0814	8.522	-0.6337	0.272	-0.000939
-77.241	0.4249	8.396	0.0636	0.274	-0.0008743
-73.79	0.0238	9.237	0.2923	0.274	-0.0011903
-76.418	0.16	9.982	0.3417	0.275	-0.0009729
-76.556	0.3477	12.262	0.0085	0.276	-0.0012374
-76.119	-0.2029	8.695	-0.4131	0.276	-0.0009693
-78.006	-0.54	10.709	-0.3072	0.277	-0.0010062
-77.803	0.0599	9.667	-0.2414	0.278	-0.0012737
-75.217	0.2723	11.554	0.7768	0.281	-0.0009398
-74.326	-0.6697	10.412	0.366	0.281	-0.0009507
-76.937	-0.4373	10.697	-0.1888	0.282	-0.0010358
-78.296	-0.2923	12.235	-0.4107	0.282	-0.0009699
-75.957	0.0956	8.375	0.5993	0.285	-0.0010885
-72.956	-0.0561	8.447	-0.4315	0.287	-0.001179
-74.47	-0.6823	8.397	0.3989	0.287	-0.001119
-75.902	-0.3276	8.207	0.33	0.288	-0.0010749
-76.3	-0.3328	9.56	0.9774	0.289	-0.0009517
-77.376	0.1144	7.485	-0.0736	0.289	-0.000895
-74.665	0.2469	11.86	-0.8956	0.29	-0.0012003
-74.703	0.0765	9.906	0.416	0.29	-0.0010016
-74.684	0.4994	9.02	-0.3718	0.29	-0.0011433
-75.493	-0.4359	11.284	-0.2181	0.291	-0.0010751
-77.295	0.45	8.589	-0.5056	0.293	-0.0008409
-78.462	0.3951	11.569	0.2061	0.293	-0.0009591
-75.129	0.1442	11.294	-0.5129	0.293	-0.0011167
-75.819	0.138	9.092	-0.4925	0.295	-0.0011211
-73.439	-0.2648	11.296	0.2359	0.296	-0.0009084
-78.519	-0.0911	9.755	0.5624	0.298	-0.0008825
-74.238	0.5951	11.786	-0.1249	0.299	-0.0011551
-79.848	0.0336	8.67	-0.1729	0.3	-0.0009399
-74.997	-0.2441	7.172	-0.5422	0.3	-0.0011138
-78.065	0.1095	9.999	-0.1134	0.3	-0.0008091
-79.266	0.0507	9.847	-0.5971	0.3	-0.0010078
-79.519	0.2887	8.86	0.0443	0.302	-0.0010966
-75.295	0.7035	11.771	-0.4754	0.302	-0.0012407
-77.986	0.4152	10.375	0.6424	0.303	-0.0012438
-77.08	-0.4986	7.771	0.2638	0.304	-0.001211
-74.617	0.4385	9.212	-0.2525	0.304	-0.0008366
-75.4	0.1155	11.156	-0.2113	0.305	-0.0009496
-74.823	0.1844	9.656	-0.1061	0.305	-0.0011856
-77.28	0.4048	10.638	0.4458	0.305	-0.0009228
-76.626	0.208	10.098	0.1296	0.306	-0.0010022
-77.615	0.1402	13.415	0.2101	0.306	-0.0010427
-74.003	0.0267	8.249	-0.6624	0.306	-0.0011015
-76.617	0.2792	9.848	0.3718	0.307	-0.0009911
-78.635	0.1444	9.874	0.0319	0.307	-0.0009055
-78.578	-0.0439	11.877	-0.1041	0.309	-0.0008869
-78.011	-0.1777	8.151	-0.6025	0.309	-0.0010673
-74.684	-0.2296	9.136	0.2425	0.309	-0.0011213
-75.522	0.0092	8.819	0.5739	0.309	-0.0011031
-73.365	0.4566	9.826	0.3124	0.311	-0.0012445
-76.537	0.0085	13.667	-0.2348	0.312	-0.000928
-78.489	-0.5085	10.248	-0.1792	0.313	-0.0012301
-77.165	0.3668	11.189	-0.4371	0.315	-0.0011128
-80.211	-0.354	10.442	-0.0456	0.317	-0.0009543
-76.492	0.3868	11.952	0.439	0.318	-0.0009054
-76.807	-0.2668	10.919	0.0793	0.318	-0.0010461
-75.146	0.3348	13.003	0.1399	0.319	-0.0009102
-75.931	-0.3939	9.155	-0.3942	0.32	-0.0012613
-77.769	-0.0678	9.027	0.1791	0.32	-0.0010236
-74.802	-0.3705	13.074	0.1995	0.321	-0.0009534
-76.74	-0.049	12.003	0.5515	0.325	-0.0010644
-76.803	0.4981	10.858	-0.4477	0.325	-0.0010784
-79.649	0.1583	10.124	-0.0411	0.326	-0.000929
-75.42	-0.1548	11.028	0.5407	0.327	-0.0010713
-78.044	-0.2724	10.836	0.5939	0.328	-0.0009759
-77.602	0.5275	8.024	0.0968	0.328	-0.0009229
-72.92	-0.5656	9.789	0.133	0.332	-0.0012889
-72.738	0.0409	10.947	-0.5846	0.332	-0.0012244
-77.758	-0.1688	7.793	-0.616	0.333	-0.0011429
-79.38	-0.5958	8.917	0.2589	0.333	-0.0007925
-77.932	-0.3565	11.642	-0.3064	0.333	-0.0009421
-76.431	0.126	11.29	0.5137	0.334	-0.0010859
-76.695	0.3939	10.619	0.5292	0.334	-0.0009776
-79.525	-0.3181	11.872	-0.1545	0.335	-0.0010007
-73.429	-0.3271	12.294	0.5636	0.335	-0.0012093
-75.555	0.1133	10.467	0.395	0.336	-0.0011811
-76.692	-0.3242	10.828	-0.6277	0.338	-0.0010634
-77.486	-0.2027	13.328	-0.2694	0.338	-0.0009981
-80.904	-0.0621	9.875	-0.4372	0.339	-0.0008885
-74.639	0.2419	12.539	0.0668	0.34	-0.0010151
-72.96	0.0643	8.647	-0.5765	0.342	-0.0011736
-77.186	-0.4088	12.396	0.1106	0.343	-0.0011577
-78.13	-0.1538	9.653	-0.7764	0.343	-0.0009912
-74.117	-0.7456	9.22	0.2502	0.343	-0.0010624
-73.231	-0.1378	11.309	-0.1889	0.343	-0.0011525
-74.656	0.5676	10.399	0.737	0.344	-0.0010635
-72.548	-0.0131	9.059	-0.3697	0.346	-0.0011424
-77.659	0.1835	8.559	0.1089	0.346	-0.0009925
-79.427	-0.1558	9.481	0.3311	0.347	-0.0008689
-75.721	0.1684	9.452	-0.1103	0.347	-0.0011219
-74.612	-0.124	8.946	-0.561	0.348	-0.0011065
-72.965	-0.2177	11.421	0.6938	0.349	-0.0010628
-77.467	0.3118	12.249	0.0035	0.35	-0.001121
-76.063	0.3913	12.016	0.122	0.351	-0.0010557
-76.564	-0.1358	8.623	-0.893	0.352	-0.0011841
-78.521	-0.1856	10.027	-0.0312	0.352	-0.0012827
-75.321	0.0346	7.176	0.1222	0.356	-0.0011054
-79.168	-0.0389	8.115	0.6882	0.357	-0.0008523
-76.015	-0.4451	8.501	0.1223	0.357	-0.0012666
-76.794	-0.2189	7.586	-0.4199	0.359	-0.0011617
-75.705	-0.5053	9.913	-0.412	0.36	-0.0008489
-75.772	0.0485	13.083	0.6756	0.36	-0.0012027
-76.955	0.0065	8.142	-0.5526	0.36	-0.0009601
-76.961	0.6502	10.737	0.3275	0.361	-0.0010105
-77.41	-0.0487	7.404	0.0741	0.361	-0.0010416
-76.905	0.2789	7.761	-0.3253	0.362	-0.0010896
-76.731	-0.3188	12.564	-0.2178	0.364	-0.0007943
-74.852	-0.3283	10.504	-0.7513	0.364	-0.0010192
-80.376	0.0197	10.951	-0.0473	0.364	-0.0008365
-74.507	-0.1374	13.048	0.3726	0.366	-0.0012495
-74.922	-0.3069	6.908	0.0908	0.366	-0.0011898
-75.03	-0.5632	11.68	0.136	0.367	-0.0010544
-79.266	0.0743	12.79	0.137	0.368	-0.0010376
-78.067	0.3211	9.963	-0.435	0.369	-0.0011133
-73.338	-0.0353	11.736	0.456	0.369	-0.0011868
-74.421	-0.2927	10.356	0.1387	0.37	-0.001194
-71.947	-0.3248	9.76	0.0322	0.37	-0.0011341
-78.881	-0.2207	10.551	-0.3008	0.37	-0.0010081
-75.482	0.6785	8.883	-0.1732	0.371	-0.0010657
-77.129	-0.5168	8.073	0.0553	0.371	-0.0010028
-73.423	0.0457	12.371	-0.3582	0.372	-0.0010255
-77.84	0.1625	8.296	-0.0979	0.373	-0.0008945
-73.878	0.1329	11.238	0.1873	0.373	-0.0010081
-73.217	0.2783	9.95	-0.3172	0.375	-0.0010052
-76.9	-0.1443	7.218	-0.4567	0.375	-0.0010858
-75.671	0.1278	11.121	0.428	0.375	-0.0011119
-78.507	0.2329	7.864	0.3281	0.376	-0.0008467
-76.504	-0.2118	10.127	-0.7897	0.378	-0.0009901
-74.173	0.6841	10.872	-0.0261	0.378	-0.0010087
-75.528	-0.1092	8.534	0.1999	0.378	-0.0009073
-75.231	0.7042	9.541	-0.5888	0.379	-0.0011529
-74.607	0.4731	7.526	-0.2348	0.379	-0.0009792
-77.22	-0.2162	12.172	-0.0889	0.38	-0.0012366
-77.345	-0.5256	9.753	0.469	0.382	-0.0012514
-73.888	0.2415	8.401	0.2228	0.382	-0.0010954
-73.675	-0.3257	7.738	-0.023	0.382	-0.0011485
-74.709	-0.3428	11.473	-0.2194	0.383	-0.0008443
-75.388	0.5	10.495	0.2455	0.383	-0.0010612
-77.521	0.137	8.443	0.5143	0.383	-0.0009955
-79.839	-0.0852	8.913	-0.522	0.383	-0.001012
-74.958	-0.2989	8.859	-0.7682	0.384	-0.0011056
-74.731	0.394	10.048	-0.3289	0.384	-0.0010341
-77.637	-0.0973	7.49	0.6737	0.386	-0.0009402
-75.701	-0.0668	10.178	-0.0955	0.386	-0.0012277
-72.767	0.0031	10.571	0.1765	0.389	-0.0010904
-72.971	-0.5782	9.835	-0.0441	0.39	-0.0011282
-77.585	0.1472	12.182	0.2206	0.39	-0.0010126
-78.387	0.2403	8.588	-0.4222	0.391	-0.0011305
-75.336	-0.2377	10.543	-0.6506	0.392	-0.0009845
-77.465	0.0751	7.746	0.2089	0.392	-0.0011
-76.949	-0.6493	7.419	-0.2255	0.392	-0.0009722
-72.911	-0.1888	8.238	0.0769	0.393	-0.0011316
-78.49	0.0444	11.126	-0.0669	0.393	-0.0010479
-78.99	-0.1954	11.939	0.5004	0.396	-0.0009318
-76.771	0.351	11.68	0.2027	0.397	-0.0011531
-78.825	-0.1113	9.934	-0.2961	0.398	-0.0010242
-78.882	-0.039	9.082	-0.6455	0.398	-0.0012858
-74.944	-0.3151	6.317	0.0185	0.398	-0.0012511
-77.391	-0.3744	13.096	-0.2292	0.402	-0.0009711
-74.717	-0.5945	7.625	-0.2117	0.404	-0.0008994
-77.568	-0.0802	8.133	-0.1853	0.405	-0.0010872
-76.845	0.3041	11.18	-0.8093	0.405	-0.001139
-78.358	-0.1591	11.649	-0.3611	0.405	-0.0012786
-76.052	0.1623	13.135	0.001	0.407	-0.0010715
-74.36	-0.1646	11.215	-0.6856	0.408	-0.0012659
-77.266	-0.0817	13.045	-0.3595	0.408	-0.0007885
-74.657	-0.3508	9.501	-0.1846	0.408	-0.0012348
