-82.282	-0.1753	12.217	-0.0902	-1.96	0.0009302
-83.792	-0.0823	9.015	-0.7471	-1.96	0.001048
-85.318	-0.4111	12.903	0.1377	-1.959	0.0011301
-87.257	0.401	12.63	0.1274	-1.958	0.0009296
-84.865	0.2498	8.255	-0.4488	-1.957	0.0009446
-90.25	0.211	8.771	-0.0265	-1.957	0.001188
-84.109	0.0994	6.94	0.3519	-1.956	0.0009343
-87.111	-0.0975	6.617	-0.2059	-1.956	0.000879
-87.657	-0.385	11.867	-0.2658	-1.956	0.0013199
-84.615	-0.6951	10.696	-0.1557	-1.956	0.0012141
-85.086	0.0364	11.077	-0.1296	-1.955	0.0012144
-84.678	-0.327	8.461	0.2199	-1.955	0.0010599
-87.79	0.5083	8.69	-0.5526	-1.952	0.0009075
-87.38	-0.4988	8.55	-0.1213	-1.951	0.0010511
-85.903	-0.3529	13.085	0.1349	-1.951	0.0012488
-85.657	-0.603	10.121	0.5666	-1.95	0.0011646
-84.442	-0.2158	7.544	-0.3033	-1.95	0.0011369
-86.526	0.0072	11.368	-0.8452	-1.949	0.0011557
-84.789	-0.0978	12.546	-0.7305	-1.947	0.0009397
-86.9	-0.1056	7.763	0.5052	-1.947	0.0012551
-86.217	0.2413	12.35	0.0347	-1.947	0.0011598
-88.791	0.4281	10.688	0.3285	-1.946	0.0012609
-85.653	-0.2146	8.202	-0.4978	-1.946	0.0011802
-84.037	-0.7261	9.133	0.0237	-1.944	0.00104
-86.682	-0.535	9.223	0.4895	-1.944	0.0009196
-88.519	-0.3856	9.755	0.1035	-1.942	0.0011263
-89.435	-0.1418	8.74	-0.2078	-1.941	0.0009417
-86.267	-0.2949	11.499	-0.1351	-1.94	0.0010468
-83.72	0.473	11.745	0.2417	-1.938	0.0010084
-86.39	-0.1491	12.434	0.6779	-1.938	0.0010136
-88.086	0.7327	9.005	0.2404	-1.937	0.0010019
-86.245	-0.2519	11.963	-0.1905	-1.937	0.0012581
-85.79	0.5924	9.973	-0.678	-1.936	0.0010452
-83.874	0.4551	11.041	0.2202	-1.936	0.0011832
-83.787	-0.2617	11.069	-0.081	-1.935	0.0009025
-81.063	-0.023	9.96	0.1432	-1.933	0.0009817
-89.487	-0.1493	8.424	0.0013	-1.933	0.0013367
-85.162	0.4439	9.448	0.2405	-1.932	0.0010382
-87.457	-0.4105	9.535	-0.4222	-1.931	0.0011563
-82.549	-0.0269	9.428	-0.7622	-1.93	0.0010003
-83.858	-0.0095	8.966	-0.0722	-1.93	0.0010093
-86.192	-0.0396	11.624	-0.8285	-1.929	0.0010158
-86.111	-0.6193	7.273	0.0672	-1.927	0.0010785
-85.08	0.1525	10.627	-0.9431	-1.927	0.0008943
-82.822	-0.2885	8.242	-0.5542	-1.927	0.0010982
-84.705	0.7169	9.06	0.3705	-1.926	0.001062
-85.795	-0.3927	10.407	-0.3892	-1.926	0.0013036
-87.349	-0.4263	8.893	0.2818	-1.926	0.0009885
-85.847	0.14	8.615	-0.0307	-1.926	0.0011351
-87.864	-0.1727	10.865	0.1921	-1.926	0.0008994
-86.689	-0.0186	9.195	0.7271	-1.925	0.0010412
-84.71	0.1204	13.038	0.1586	-1.924	0.0009081
-86.692	-0.0692	10.979	0.1288	-1.923	0.00113
-85.239	0.0213	10.864	0.1681	-1.923	0.0010807
-82.589	0.1791	9.69	0.06	-1.923	0.00117
-86.986	-0.0414	13.118	-0.129	-1.922	0.0011573
-85.602	-0.4179	12.349	0.635	-1.922	0.0009696
-86.632	-0.1287	11.225	-0.7103	-1.921	0.0010112
-85.186	0.3402	10.318	0.0155	-1.92	0.001079
-89.209	-0.4625	7.632	-0.1045	-1.918	0.0011823
-85.242	-0.6932	8.077	0.3485	-1.918	0.0010429
-87.64	0.0409	12.317	-0.1027	-1.918	0.0010405
-83.77	0.1448	11.382	-0.2372	-1.917	0.0010326
-86.379	0.0293	9.253	-0.1153	-1.917	0.0011221
-84.377	-0.3696	12.745	-0.3055	-1.917	0.0009508
-85.541	0.6641	11.997	-0.2335	-1.916	0.0009105
-85.523	0.5094	8.921	0.3828	-1.916	0.0011021
-84.136	0.2035	8.8	0.3206	-1.915	0.0010771
-85.032	-0.3495	8.257	0.712	-1.914	0.001059
-85.693	-0.0225	9.058	-0.1264	-1.914	0.0011765
-89.542	0.0842	10.201	0.161	-1.914	0.0010519
-81.468	-0.0763	8.845	0.0445	-1.914	0.0010581
-85.839	-0.2417	10.564	-0.4615	-1.913	0.0010035
-89.423	-0.0467	10.311	0.5506	-1.912	0.0012792
-87.277	-0.5429	8.669	0.3612	-1.91	0.0010626
-86.624	-0.5023	9.67	-0.2321	-1.909	0.0009012
-85.048	0.6346	11.727	0.2216	-1.905	0.0012173
-87.226	-0.6039	10.552	0.4465	-1.905	0.0010782
-89.942	-0.2844	10.418	-0.6213	-1.904	0.0013171
-88.164	-0.1894	11.214	-0.5315	-1.904	0.0009926
-85.222	0.1745	11.997	-0.0497	-1.903	0.0009763
-82.411	0.4282	9.009	0.3154	-1.903	0.0008556
-84.254	-0.1046	7.013	0.1245	-1.902	0.0012482
-88.187	-0.6888	9.58	0.185	-1.901	0.0010268
-84.903	0.2032	10.05	0.4433	-1.901	0.0009478
-85.729	0.2307	12.317	0.1042	-1.901	0.000955
-83.402	-0.4106	9.96	-0.3895	-1.9	0.0011301
-82.096	0.2144	9.838	0.2341	-1.899	0.0010548
-85.07	0.4856	7.53	-0.5272	-1.898	0.0012153
-84.188	-0.4193	8.909	-0.0154	-1.898	0.0010277
-85.593	-0.3223	12.104	0.6247	-1.898	0.0009781
-87.84	-0.1094	8.593	0.6111	-1.896	0.0010177
-84.023	-0.3686	10.592	-0.4546	-1.896	0.0008228
-87.975	-0.1742	9.508	0.6306	-1.895	0.000977
-87.429	0.016	10.535	0.2476	-1.891	0.0010372
-82.993	-0.0606	9.144	-0.2132	-1.89	0.0009
-86.389	-0.2058	13.115	-0.4795	-1.889	0.0011095
-87.66	-0.7119	8.646	0.0074	-1.888	0.0010014
-85.909	0.4272	8.072	-0.2676	-1.887	0.0009409
-88.948	-0.6275	9.551	0.0056	-1.887	0.0012389
-85.491	0.3024	7.738	0.3002	-1.886	0.0012885
-87.353	-0.186	8.918	0.8252	-1.885	0.0010374
-86.539	0.1481	10.236	-0.4111	-1.884	0.0010514
-86.348	-0.0738	6.839	-0.5303	-1.883	0.0011651
-84.106	-0.2023	9.404	0.0766	-1.883	0.001059
-86.874	0.8247	9.967	0.3434	-1.882	0.0011809
-87.156	0.0115	6.909	-0.1039	-1.881	0.0008588
-84.334	0.5467	11.321	-0.1003	-1.879	0.0011627
-83.794	-0.3309	9.684	-0.0991	-1.879	0.0009683
-83.758	-0.5286	10.058	0.5876	-1.877	0.0010327
-85.977	-0.4513	9.333	-0.6081	-1.876	0.0012124
-85.883	0.13	8.98	-0.0625	-1.876	0.0010541
-86.152	-0.2524	8.014	0.4433	-1.875	0.0011973
-87.294	-0.0227	9.397	0.1294	-1.873	0.0011546
-86.092	0.8457	8.96	0.2061	-1.872	0.0011835
-83.424	0.1412	12.764	0.2908	-1.872	0.0008491
-84.634	-0.1113	8.625	-0.02	-1.871	0.0011435
-85.473	0.3672	11.074	0.6585	-1.871	0.001173
-85.99	0.6259	9.291	0.5069	-1.871	0.0010523
-84.927	-0.2371	10.768	-0.5159	-1.87	0.0013167
-87.438	0.5581	11.53	-0.4099	-1.87	0.0012818
-83.835	0.0171	9.212	0.4033	-1.87	0.001202
-86.288	0.1866	10.091	0.4011	-1.87	0.0008306
-85.787	-0.1902	6.422	-0.1708	-1.869	0.0010579
-86.124	-0.3675	11.324	-0.0351	-1.868	0.0010599
-84.227	0.0822	8.365	-0.0371	-1.867	0.0010226
-87.139	0.3165	9.667	0.7194	-1.865	0.001101
-84.742	0.0332	10.733	0.2218	-1.863	0.0008727
-88.066	0.3945	8.566	0.2721	-1.862	0.0011932
-82.658	-0.1442	10.531	0.5483	-1.861	0.0010884
-87.409	0.463	10.585	-0.4135	-1.86	0.0011996
-82.761	-0.1788	12.485	0.1831	-1.86	0.0010807
-87.375	0.2514	11.128	-0.3581	-1.858	0.0008951
-85.158	-0.2591	9.351	-0.3359	-1.858	0.0009052
-83.497	-0.2272	12.325	0.4964	-1.858	0.0009034
-84.242	0.3175	12.047	-0.3809	-1.856	0.0011442
-86.292	0.3823	11.281	-0.7992	-1.856	0.0010585
-86.061	-0.1794	9.282	0.4949	-1.855	0.0012183
-86.494	-0.2456	10.704	-0.8827	-1.855	0.0010298
-90.411	0.016	11.277	0.466	-1.854	0.0011887
-82.662	-0.0092	12.299	0.5347	-1.853	0.0008384
-87.343	-0.4845	11.035	0.6443	-1.853	0.0010922
-86.058	-0.1263	9.18	-0.8463	-1.852	0.0010149
-82.132	0.0912	8.611	-0.5293	-1.851	0.0010558
-88.187	0.2452	10.214	-0.2816	-1.848	0.0010691
-88.564	-0.3377	9.775	0.341	-1.848	0.0010432
-86.132	0.2202	8.093	0.045	-1.847	0.0012214
-84.812	-0.0086	8.515	-0.5538	-1.847	0.000889
-88.909	-0.5875	10.09	0.6148	-1.846	0.0012914
-83.875	-0.2873	10.056	-0.8307	-1.845	0.0009393
-86.14	0.5108	8.769	-0.2305	-1.845	0.0013002
-88.833	-0.0147	8.93	-0.2113	-1.845	0.0010278
-87.708	0.5104	8.356	-0.4895	-1.845	0.0012719
-89.582	-0.2854	10.531	-0.0618	-1.843	0.000936
-82.987	-0.0693	11.478	0.1229	-1.842	0.000901
-88.575	0.2371	10.328	-0.4598	-1.841	0.0012468
-87.579	-0.2208	9.873	-0.5068	-1.84	0.0012458
-85.449	0.2604	9.785	0.797	-1.835	0.0009692
-87.519	-0.1569	7.862	-0.1026	-1.834	0.0011616
-82.461	0.0669	10.252	-0.2119	-1.834	0.0012302
-88.385	-0.437	12.04	0.0868	-1.831	0.0009584
-84.575	-0.6103	9.101	0.0594	-1.828	0.0011721
-88.021	0.7305	10.452	0.1446	-1.828	0.0012509
-86.38	-0.2602	11.878	0.3979	-1.827	0.0011369
-89.597	-0.2464	10.159	-0.1221	-1.825	0.001212
-86.64	-0.3144	10.318	0.4881	-1.824	0.0012667
-83.741	-0.3322	8.943	-0.4446	-1.824	0.0011135
-88.447	-0.025	10.409	0.9688	-1.824	0.0011751
-88.698	0.0467	12.144	0.0353	-1.823	0.0011036
-89.029	-0.2279	9.118	0.1586	-1.823	0.0011365
-85.442	-0.3889	9.58	-0.5176	-1.822	0.0008822
-85.726	0.5122	10.102	0.8528	-1.821	0.0011176
-90.233	0.0882	11.888	-0.0542	-1.821	0.0012567
-89.046	0.2415	8.192	0.4735	-1.82	0.0010229
-85.379	-0.491	12.772	0.2162	-1.82	0.0009852
-83.983	-0.0504	8.493	0.0079	-1.818	0.0009356
-89.631	-0.2758	10.378	0.2112	-1.818	0.001165
-89.614	0.159	10.562	0.213	-1.818	0.0011937
-88.243	-0.0005	8.619	-0.1107	-1.818	0.0011253
-86.32	0.2515	11.848	0.2776	-1.814	0.001188
-85.063	0.4682	8.844	0.2417	-1.812	0.001152
-84.648	0.0516	10.753	-0.4038	-1.812	0.0010228
-83.089	-0.1147	10.261	0.2199	-1.812	0.000926
-87.225	0.1906	11.334	0.3526	-1.81	0.00122
-82.77	0.1459	9.649	-0.2704	-1.809	0.0012173
-87.189	-0.1357	11.359	-0.2958	-1.808	0.0009912
-87.711	-0.296	11.097	-0.3062	-1.808	0.0009765
-83.459	0.3687	8.711	-0.5934	-1.806	0.0009583
-83.228	-0.4985	8.305	0.1132	-1.806	0.0011097
-87.07	-0.5503	10.52	0.6788	-1.806	0.0009806
-83.459	0.6015	9.125	-0.5726	-1.805	0.0008958
-85.234	0.524	12.514	-0.3196	-1.805	0.0010453
-89.647	0.5217	9.116	0.141	-1.802	0.0010513
-87.068	0.268	10.468	0.7681	-1.802	0.0010575
-82.567	0.2517	12.078	-0.4389	-1.801	0.0010533
-86.822	-0.504	9.798	-0.6396	-1.801	0.0010589
-89.739	0.0869	11.895	0.2753	-1.8	0.0010119
-83.722	-0.1272	9.022	-0.5791	-1.8	0.0010916
-83.993	0.1447	10.984	0.1888	-1.799	0.0011088
-87.657	0.0753	9.927	-0.8849	-1.799	0.0010377
-86.513	0.3527	12.265	0.3209	-1.799	0.0009504
-87.298	-0.5585	7.364	0.0247	-1.799	0.0012591
-88.636	-0.3839	11.634	0.5909	-1.797	0.0013035
-86.986	0.4244	9.164	0.4158	-1.796	0.0011598
-86.503	0.2356	11.115	0.644	-1.796	0.0011723
-87.749	-0.6865	10.156	-0.5116	-1.795	0.0010702
-84.604	-0.0807	8.779	-0.857	-1.795	0.0010421
-83.783	0.1944	9.499	0.3947	-1.795	0.0008693
-85.613	-0.5018	7.534	-0.4246	-1.795	0.0011247
-84.475	-0.1544	10.35	0.8236	-1.794	0.0013289
-85.757	0.5986	10.084	-0.3372	-1.794	0.0010644
-84.052	-0.2174	12.359	0.3768	-1.794	0.0012154
-85.89	-0.4204	10.821	0.0921	-1.793	0.0010357
-86.23	-0.708	7.791	-0.1229	-1.793	0.0011992
-86.591	-0.1648	9.985	-0.5751	-1.793	0.0011681
-87.242	0.4911	12.053	-0.103	-1.792	0.0010894
-86.894	0.2381	7.999	-0.7469	-1.792	0.0012575
-86.67	-0.2452	11.333	-0.282	-1.791	0.0011228
-85.267	-0.3523	7.701	-0.1454	-1.79	0.0011019
-84.316	0.0262	8.22	0.186	-1.789	0.0010905
-82.419	-0.3396	9.176	-0.0134	-1.789	0.0010007
-84.412	-0.078	9.956	-0.7948	-1.787	0.0011497
-86.903	0.6247	11.264	0.4756	-1.787	0.0010339
-86.057	0.0535	11.117	0.0243	-1.786	0.0009846
-86.874	0.4972	12.244	0.3088	-1.785	0.0009581
-90.295	-0.2418	11.209	0.0729	-1.784	0.0012517
-88.607	-0.1275	10.253	0.3095	-1.784	0.0009596
-87.737	-0.0713	9.755	0.5164	-1.783	0.0013025
-87.373	0.2219	11.954	-0.0169	-1.783	0.0009084
-87.003	-0.4715	7.302	-0.4525	-1.783	0.0011716
-85.618	0.1554	7.937	-0.3907	-1.78	0.0009148
-85.771	0.164	13.805	-0.1689	-1.78	0.0010974
-81.42	0.0693	9.405	-0.0832	-1.78	0.0010116
-85.907	0.3479	6.954	0.1172	-1.779	0.0011117
-85.439	0.1413	10.199	-0.6028	-1.778	0.0010266
-88.65	-0.0858	9.455	-0.6261	-1.777	0.0012102
-85.718	-0.2033	10.606	-0.5992	-1.777	0.0010342
-83.44	-0.0376	9.605	0.5975	-1.777	0.0008839
-85.251	-0.5965	10.553	-0.0983	-1.776	0.0010388
-90.927	0.0312	10.32	0.2829	-1.776	0.0011817
-87.142	0.2633	12.617	-0.2838	-1.775	0.0012666
-84.292	-0.1215	11.21	-0.5683	-1.774	0.0009869
-88.548	-0.1002	11.132	-0.1015	-1.774	0.0012529
-85.174	0.2137	6.374	-0.3537	-1.77	0.0009039
-84.417	0.4828	12.132	0.1749	-1.77	0.0010546
-86.66	-0.0866	6.937	-0.6895	-1.769	0.001165
-85.118	-0.1601	12.182	-0.404	-1.767	0.001261
-85.28	0.3968	10.553	0.0712	-1.767	0.001097
-83.67	0.486	10.404	0.1078	-1.767	0.0009339
-85.822	0.0928	11.293	-0.4466	-1.767	0.0011599
-87.678	0.3404	10.036	-0.3176	-1.767	0.0009245
-85.709	0.2322	8.426	-0.2792	-1.766	0.0012313
-84.805	-0.0906	7.623	0.2923	-1.766	0.0011756
-86.007	0.3233	7.708	0.3735	-1.766	0.0011176
-86.583	-0.2581	10.59	0.973	-1.765	0.00094
-83.13	0.0941	8.107	-0.0041	-1.765	0.0011682
-86.425	0.5683	11.747	0.0184	-1.765	0.0010545
-83.715	0.4337	8.322	0.3839	-1.764	0.0011809
-86.098	0.0113	10.571	-0.4736	-1.764	0.0011051
-83.039	-0.3508	9.418	-0.2269	-1.764	0.0008712
-85.292	-0.2125	9.575	0.5702	-1.763	0.0010489
-88.803	-0.0112	8.871	0.365	-1.763	0.0010104
-87.552	-0.4309	9.596	0.0877	-1.762	0.0012488
-86.63	0.4963	9.085	-0.2429	-1.762	0.0010645
-85.962	-0.439	11.365	0.5064	-1.761	0.0009802
-90.302	-0.0019	10.989	-0.184	-1.761	0.0012239
-82.442	0.1557	10.498	0.4109	-1.761	0.0009476
-84.653	0.5387	7.073	-0.0141	-1.76	0.0009092
-88.567	-0.1049	7.693	-0.1789	-1.759	0.000913
-87.005	-0.3805	10.542	0.8648	-1.759	0.0011416
-83.444	0.1319	11.527	-0.2391	-1.758	0.0011155
-82.56	0.1219	11.05	-0.7324	-1.757	0.0010528
-85.032	-0.1566	12.3	-0.6781	-1.754	0.000917
-82.472	0.3255	10.305	-0.551	-1.752	0.0010781
-85.66	0.0308	13.297	-0.5239	-1.751	0.0010808
-87.552	0.7235	7.943	0.3065	-1.748	0.0012726
-88.981	-0.1972	9.635	-0.573	-1.747	0.0009202
-86.991	0.5547	10.635	-0.4507	-1.744	0.0010757
-81.556	0.1817	10.885	0.0228	-1.742	0.0008474
-84.878	-0.1326	13.258	-0.0919	-1.742	0.0011068
-87.711	0.2255	7.736	-0.2852	-1.741	0.0011851
-84.541	-0.3287	10.704	0.798	-1.739	0.0009757
-88.59	0.6959	10.259	-0.3561	-1.738	0.0012133
-88.003	0.3124	8.994	0.413	-1.738	0.0008842
-86.704	0.7421	9.839	-0.3575	-1.738	0.0010739
-83.687	0.2893	12.07	-0.0423	-1.737	0.0008486
-82.666	-0.4289	9.86	-0.1928	-1.736	0.0009006
-86.471	0.4817	11.148	-0.6765	-1.735	0.0011564
-84.138	0.2973	7.573	-0.4728	-1.735	0.0009645
-85.133	-0.479	7.603	0.2057	-1.735	0.001197
-87.671	0.2676	10.566	0.9076	-1.734	0.0009472
-86.766	-0.4751	9.885	0.1468	-1.734	0.0009126
-86.878	0.1008	9.196	0.4916	-1.731	0.0009683
-89.493	-0.4574	9.746	0.3005	-1.731	0.0010629
-83.472	-0.087	7.993	-0.7483	-1.728	0.0010596
-87.977	-0.004	11.149	0.1689	-1.727	0.0012592
-89.348	-0.2121	11.867	0.4622	-1.727	0.0010374
-85.482	-0.2297	12.023	0.6364	-1.726	0.0009748
-83.107	0.4076	11.443	0.1219	-1.726	0.0009477
-86.802	-0.0684	9.254	0.5419	-1.726	0.0009376
-84.691	0.4852	8.532	0.5326	-1.726	0.0011597
-87.227	-0.3171	12.025	0.7068	-1.726	0.0011492
-86.244	-0.1926	9.58	-0.3074	-1.725	0.0008889
-84.105	0.4661	9.801	0.3897	-1.724	0.0013105
-86.165	-0.2243	8.67	0.1731	-1.722	0.0009258
-85.11	0.1316	10.536	-0.5559	-1.72	0.0011609
-82.672	0.2128	7.9	-0.2451	-1.72	0.0011683
-88.465	-0.1689	9.063	-0.0681	-1.72	0.0010969
-87.182	-0.1575	8.324	0.2534	-1.72	0.0011504
-83.7	0.0284	8.019	0.0089	-1.718	0.0011543
-86.218	-0.7391	10.865	0.0498	-1.718	0.0011504
-87.114	-0.0067	11.398	0.6535	-1.718	0.000978
-86.89	0.2884	9.02	0.4376	-1.718	0.0011048
-88.397	-0.2211	7.861	0.6958	-1.717	0.0012523
-87.879	-0.4111	10.063	-0.0685	-1.717	0.0010889
-82.935	0.1477	9.944	-0.1339	-1.716	0.0011206
-86.634	-0.1861	7.902	-0.8094	-1.716	0.001093
-88.891	0.413	11.066	-0.7215	-1.716	0.0011505
-86.937	0.3996	10.164	-0.4038	-1.715	0.0011815
-84.762	-0.6065	9.416	0.5599	-1.713	0.0010857
-83.401	-0.4983	11.984	-0.2155	-1.713	0.0011388
-88.478	0.6242	10.75	-0.326	-1.713	0.0011983
-87.284	0.408	10.985	0.6987	-1.712	0.000848
-87.768	0.4301	9.416	0.2326	-1.711	0.0009611
-87.835	-0.176	8.977	0.7058	-1.71	0.0012165
-89.896	-0.0622	8.839	0.3754	-1.71	0.0010491
-85.629	0.2734	10.763	-0.9538	-1.709	0.000926
-83.919	0.0605	11.405	0.2031	-1.707	0.000828
-83.364	0.6203	11.246	0.234	-1.707	0.0008431
-83.644	-0.6513	11.713	0.0504	-1.705	0.0010928
-87.564	-0.6145	11.382	-0.2888	-1.704	0.0011189
-83.747	0.3476	7.069	-0.2635	-1.703	0.0009829
-89.974	-0.1318	10.361	0.3802	-1.7	0.0011156
-82.749	-0.3054	10.035	0.6372	-1.7	0.0009371
-84.858	0.6268	7.651	-0.1621	-1.7	0.0011357
-85.771	-0.1276	8.656	-0.6601	-1.699	0.0011834
-85.869	-0.4838	12.169	-0.3291	-1.699	0.0010105
-84.199	0.3889	12.643	0.3907	-1.698	0.0010563
-85.66	0.4191	9.207	-0.3796	-1.698	0.0011205
-87.072	-0.4169	11.483	-0.3753	-1.698	0.0012684
-85.26	-0.2248	8.204	-0.3551	-1.698	0.0010319
-86.586	-0.0713	10.103	-0.4718	-1.697	0.0011814
-83.293	0.6283	10.405	0.5139	-1.696	0.0009395
-86.016	-0.2647	6.498	0.2532	-1.696	0.0010908
-81.982	0.0304	12.232	-0.4564	-1.696	0.0009345
-89.261	-0.1195	9.588	0.0686	-1.696	0.0010367
-87.613	-0.563	7.741	0.1749	-1.695	0.0010563
-83.919	-0.433	12.108	0.0135	-1.695	0.000887
-83.888	0.0206	11.501	-0.5258	-1.695	0.0011815
-86.657	-0.1681	9.4	0.9007	-1.693	0.0010674
-85.736	-0.5014	11.257	-0.545	-1.693	0.0008855
-86.26	-0.0059	8.914	0.074	-1.692	0.0010064
-85.816	-0.286	9.49	-0.1681	-1.692	0.0011877
-87.191	-0.0101	6.605	0.1971	-1.691	0.0010157
-84.699	-0.118	9.063	-0.5968	-1.69	0.0009821
-85.437	0.2786	8.453	0.1426	-1.69	0.0011605
-84.986	0.1529	9.741	0.391	-1.69	0.0010832
-81.694	0.1246	11.656	0.2034	-1.689	0.0009126
-88.859	0.0876	10.886	-0.4573	-1.689	0.0011952
-86.708	-0.6163	9.453	-0.4076	-1.688	0.0009957
-86.004	-0.4488	7.271	0.1143	-1.688	0.0011502
-85.54	0.5856	10.296	-0.7513	-1.688	0.0011539
-87.001	-0.314	8.849	0.0607	-1.688	0.001162
-85.235	-0.7206	9.999	0.4937	-1.688	0.0012025
-83.567	-0.0251	10.177	0.242	-1.687	0.0011453
-88.068	-0.2355	11.277	0.7074	-1.687	0.0010515
-82.001	-0.3071	9.457	0.2362	-1.687	0.0011473
-89.399	-0.3645	8.771	0.6217	-1.686	0.0011985
-87.57	0.1725	10.577	-0.3094	-1.685	0.0010003
-88.25	0.1926	7.953	0.2649	-1.685	0.0011501
-85.469	0.1361	10.804	0.485	-1.684	0.0010687
-90.023	-0.3569	10.049	0.2878	-1.683	0.0012595
-90.623	0.1094	8.012	0.1577	-1.681	0.0012889
-85.064	-0.2448	10.125	0.0397	-1.681	0.0010089
-85.963	-0.263	10.424	0.7668	-1.681	0.0010423
-90.677	-0.0422	9.334	0.3028	-1.68	0.0010683
-84.008	-0.4648	7.311	0.063	-1.678	0.00113
-85.177	-0.0456	9.04	-0.4998	-1.677	0.0011045
-83.279	-0.5879	9.636	-0.5337	-1.677	0.0010239
-82.593	-0.4838	11.846	-0.1854	-1.676	0.0009385
-85.675	-0.6765	8.669	-0.1372	-1.675	0.0009658
-89.161	0.6469	10.159	-0.3013	-1.674	0.0012064
-87.406	0.5093	10.147	0.0005	-1.673	0.0009819
-84.534	-0.0521	8.316	-0.1838	-1.673	0.0011451
-88.741	-0.0598	8.345	0.6586	-1.672	0.0010005
-83.712	0.1958	7.213	0.2243	-1.669	0.0010188
-85.349	0.5237	10.359	-0.4447	-1.669	0.0011866
-86.089	-0.0143	6.802	-0.5491	-1.668	0.0010895
-86.92	0.3514	12.719	0.5437	-1.666	0.0010096
-84.999	-0.2767	12.386	-0.0418	-1.666	0.0011659
-85.958	0.3292	8.089	0.4909	-1.665	0.0011783
-87.176	-0.2848	11.662	0.3236	-1.664	0.0010637
-87.417	0.1764	9.061	-0.6291	-1.664	0.0008533
-83.717	-0.0347	9.16	-0.6055	-1.663	0.0009379
-83.615	0.1918	10.401	-0.7571	-1.662	0.0009072
-84.002	0.1058	7.231	-0.4451	-1.661	0.0012068
-90.74	-0.2237	10.811	-0.0505	-1.66	0.0011908
-87.998	0.2932	10.474	-0.8185	-1.658	0.001053
-90.286	0.3341	9.156	0.094	-1.658	0.001085
-88.024	0.5409	10.609	-0.0353	-1.658	0.0011071
-87.408	-0.6944	9.832	0.3564	-1.658	0.0010717
-84.293	-0.1198	10.961	-0.7887	-1.657	0.0009381
-85.906	-0.0351	6.357	-0.3961	-1.657	0.0009694
-86.055	-0.5045	10.787	-0.4636	-1.655	0.0009537
-82.833	0.1861	6.889	-0.0798	-1.654	0.0009347
-87.318	0.5312	8.333	0.1875	-1.654	0.0011827
-87.303	0.5859	10.537	-0.6643	-1.651	0.0009798
-86.094	-0.2634	9.538	0.2179	-1.65	0.001203
-82.493	0.0713	7.034	-0.084	-1.65	0.0009987
-87.406	0.2225	8.54	0.2542	-1.65	0.0011363
-84.136	-0.1343	10.438	0.619	-1.649	0.0011493
-86.937	0.3332	7.704	-0.2669	-1.648	0.0009243
-88.507	0.0975	12.034	0.5248	-1.647	0.0011275
-84.938	-0.6065	12.005	0.3647	-1.646	0.0012836
-85.89	0.6397	11.913	-0.0297	-1.645	0.0008764
-85.671	-0.4422	9.286	0.5446	-1.644	0.0011038
-84.063	0.2627	10.973	0.9052	-1.643	0.0010175
-83.708	0.3827	9.495	-0.2955	-1.642	0.0009288
-85.815	0.2017	7.466	-0.0491	-1.641	0.0011524
-85.819	-0.1143	10.499	-0.1678	-1.639	0.001311
-82.746	-0.0545	12.022	-0.3721	-1.639	0.0011134
-86.765	-0.0247	6.966	0.2287	-1.638	0.0009673
-86.518	0.3916	11.768	-0.4453	-1.638	0.001108
-86.731	0.5703	8.122	0.453	-1.637	0.0012464
-87.944	-0.3203	11.971	-0.3697	-1.636	0.0012522
-86.07	0.2923	10.005	-0.0854	-1.636	0.0009368
-83.4	0.156	9.154	-0.1442	-1.635	0.0011539
-84.725	-0.1678	10.164	-0.619	-1.634	0.0011762
-83.194	-0.367	11.365	0.0679	-1.634	0.0011013
-87.985	-0.3963	10.259	-0.3856	-1.634	0.0010436
-87.942	-0.0216	8.948	0.8912	-1.633	0.001006
-85.483	-0.178	8.206	-0.0937	-1.632	0.0010317
-88.153	-0.3112	9.651	-0.394	-1.631	0.0011866
-87.472	0.865	9.773	-0.2354	-1.63	0.0011571
-86.821	-0.1328	9.07	-0.1249	-1.63	0.0012863
-89.26	-0.5687	9.229	-0.1082	-1.63	0.0011147
-85.954	0.2246	9.448	-0.595	-1.629	0.0011308
-87.287	0.3457	8.082	0.2474	-1.628	0.0011336
-86.021	0.5894	10.22	0.33	-1.628	0.0010417
-88.838	0.2307	11.317	0.2955	-1.625	0.0011662
-87.067	0.4508	10.751	-0.0186	-1.625	0.0010052
-85.655	0.1974	7.368	-0.0111	-1.624	0.001095
-84.92	-0.3021	9.986	0.3142	-1.623	0.0010798
-83.228	-0.0887	11.059	0.5225	-1.623	0.0010211
-84.61	0.2723	6.371	0.2458	-1.622	0.0008446
-86.539	0.2666	11.308	0.249	-1.621	0.0011399
-85.391	-0.2736	7.732	0.1019	-1.621	0.0009064
-86.932	0.0509	10.081	0.5444	-1.621	0.0011824
-84.243	0.2572	12.16	-0.756	-1.621	0.0010144
-86.724	0.5789	11.265	0.7214	-1.62	0.0009507
-86.008	-0.5147	11.126	-0.244	-1.619	0.0012146
-89.821	0.1475	9.098	0.5463	-1.617	0.0010458
-84.566	0.0904	10.212	0.3243	-1.616	0.0010682
-82.394	0.2182	11.308	0.4882	-1.616	0.0009558
-87.283	0.2965	12.747	-0.4146	-1.615	0.0011913
-89.346	-0.2996	7.013	-0.0943	-1.615	0.0013134
-84.1	-0.3651	9.914	-0.2207	-1.615	0.000896
-85.451	0.1765	8.142	0.0115	-1.615	0.001026
-84.301	0.0187	10.2	0.2875	-1.615	0.0010529
-88.086	0.5202	12.015	0.1268	-1.614	0.001117
-82.197	0.0834	11.785	-0.329	-1.613	0.0008889
-86.875	0.4452	10.635	-0.172	-1.611	0.0011187
-85.124	-0.2206	9.422	0.104	-1.609	0.0013165
-85.452	0.1178	8.593	0.562	-1.608	0.00111
-85.746	0.2742	12.362	-0.1471	-1.608	0.0010308
-86.217	0.2554	7.014	0.3028	-1.608	0.0010845
-85.179	-0.6018	9.732	-0.5206	-1.607	0.0011054
-85.049	0.1891	7.924	0.7282	-1.607	0.0010767
-83.138	0.0319	6.75	0.1082	-1.606	0.0009516
-88.861	0.054	11.079	-0.7782	-1.603	0.0011888
-84.223	-0.3794	12.553	0.0429	-1.601	0.0009116
-87.471	-0.0798	9.882	-0.2589	-1.601	0.0011498
-89.254	0.0002	10.682	0.6346	-1.6	0.0010598
-86.929	0.4769	7.06	-0.3696	-1.598	0.0012185
-84.445	0.2895	11.879	-0.5539	-1.597	0.001084
-85.464	0.0216	10.54	0.5259	-1.595	0.0009401
-86.651	-0.0879	10.662	0.2625	-1.594	0.0009017
-88.569	-0.4115	11.808	-0.6636	-1.594	0.0012502
-84.523	-0.1471	11.29	-0.218	-1.593	0.0010066
-85.096	0.5703	8.069	-0.0055	-1.593	0.0010002
-84.778	0.1737	7.564	0.4616	-1.593	0.0009943
-85.369	0.0006	8.65	0.7641	-1.592	0.001118
-87.853	0.3452	10.114	-0.4025	-1.592	0.0010071
-86.914	-0.2826	9.283	-0.1893	-1.592	0.001064
-86.345	-0.1355	11.719	-0.8956	-1.591	0.000933
-85.612	-0.0841	6.388	0.0096	-1.59	0.0009839
-87.694	-0.0587	11.472	-0.396	-1.59	0.0012304
-84.32	0.0459	11.197	0.7664	-1.589	0.0010253
-82.405	-0.4562	9.982	0.2958	-1.589	0.0008433
-85.294	-0.4044	10.554	-0.3255	-1.589	0.0010685
-85.619	0.1749	9.636	-0.3486	-1.588	0.0008609
-83.91	-0.3812	11.711	-0.0768	-1.588	0.000943
-85.092	-0.2504	7.54	0.138	-1.587	0.0010529
-88.25	0.4189	9.665	-0.2885	-1.586	0.0012047
-86.643	-0.4147	9.835	0.3977	-1.585	0.0010437
-84.566	-0.1294	11.886	-0.5408	-1.585	0.0008922
-84.525	0.6175	9.857	0.4136	-1.585	0.0012246
-88.116	-0.0932	12.719	-0.1094	-1.584	0.0012263
-88.594	0.08	8.985	0.3431	-1.583	0.0012331
-89.369	-0.5261	8.633	0.4309	-1.581	0.0013173
-88.049	-0.2606	10.739	-0.7656	-1.58	0.0011495
-87.946	0.3916	9.926	-0.3634	-1.58	0.0010909
-86.499	0.4801	9.728	-0.7414	-1.579	0.0011514
-85.676	-0.6281	8.237	0.3978	-1.578	0.0009489
-84.503	0.6857	10.532	0.1488	-1.576	0.0010917
-88.922	-0.3409	11.655	0.1355	-1.574	0.0013193
-87.436	0.0272	8.73	0.0253	-1.572	0.0010845
-83.783	-0.313	9.436	0.2969	-1.572	0.0009989
-84.362	0.0878	8.116	-0.2933	-1.572	0.0009455
-87.198	-0.5306	9.901	0.0685	-1.57	0.0011971
-88.244	-0.1857	7.702	0.3453	-1.57	0.0010044
-88.42	-0.057	7.743	-0.2182	-1.567	0.0010675
-89.966	-0.0934	8.567	-0.1707	-1.564	0.0009684
-85.887	-0.0211	8.947	-0.5622	-1.563	0.0010457
-87.864	-0.4345	10.564	-0.1742	-1.563	0.0011454
-87.406	0.3647	10.779	0.7641	-1.562	0.001154
-85.178	-0.3093	10.241	-0.9254	-1.562	0.0011234
-86.438	-0.5862	9.789	0.4941	-1.56	0.0010167
-86.619	-0.6127	8.962	-0.0684	-1.56	0.0012875
-85.586	0.1431	8.89	0.2343	-1.558	0.0011337
-86.475	0.1639	9.827	-0.1417	-1.558	0.0011937
-86.876	-0.4484	8.688	0.2057	-1.556	0.0011895
-86.786	0.2949	9.105	-0.5013	-1.556	0.0009705
-88.285	-0.3284	9.827	0.5902	-1.555	0.0010109
-81.098	0.1296	8.641	-0.3451	-1.555	0.0009105
-84.313	0.4547	12.766	0.4563	-1.554	0.000938
-84.259	0.3939	9.528	-0.7252	-1.552	0.000917
-86.888	0.7111	10.363	0.329	-1.552	0.0011204
-88.343	-0.1195	8.38	-0.3815	-1.546	0.0009154
-86.718	-0.089	8.593	0.5269	-1.546	0.0011317
-83.846	0.4588	9.982	0.3531	-1.545	0.0010159
-85.125	0.3646	10.155	-0.3943	-1.545	0.0011203
-85.942	-0.5424	10.253	0.6014	-1.544	0.0010181
-88.557	-0.0685	12.592	0.296	-1.543	0.0011282
-85.399	-0.1166	7.094	-0.08	-1.543	0.0009727
-86.458	0.008	7.648	-0.4572	-1.541	0.001054
-84.716	-0.521	11.617	0.6259	-1.541	0.0011942
-90.895	-0.3397	10.219	0.2688	-1.54	0.0013036
-83.59	0.6932	11.854	-0.2284	-1.54	0.0009983
-90.526	-0.0709	11.843	0.3357	-1.539	0.0012328
-88.013	-0.0012	9.547	0.4423	-1.539	0.0008561
-82.054	0.3147	11.209	-0.1715	-1.539	0.0009703
-84.431	-0.2523	10.705	-0.6329	-1.537	0.0011253
-85.751	0.4195	9.014	0.138	-1.536	0.0010721
-86.885	0.0764	9.772	0.6172	-1.536	0.0008365
-87.461	0.6973	9.759	-0.0441	-1.535	0.001031
-85.366	-0.0183	12.325	0.6689	-1.535	0.0011874
-85.503	0.218	13.578	0.0287	-1.535	0.0009628
-84.341	0.5086	11.791	0.4324	-1.534	0.0011284
-83.154	-0.3107	9.752	-0.4618	-1.534	0.0011374
-85.345	-0.0749	7.157	-0.4683	-1.533	0.0012689
-85.495	-0.2339	7.703	0.1369	-1.533	0.0010418
-87.725	0.735	10.647	-0.2574	-1.533	0.0009906
-89.31	0.3436	10.267	-0.3566	-1.532	0.0010029
-88.959	-0.1496	9.854	0.0671	-1.532	0.0012088
-89.465	0.0224	9.293	0.4083	-1.532	0.0010638
-82.332	-0.3328	12.423	0.0771	-1.531	0.000865
-85.941	0.1583	7.487	0.7099	-1.53	0.0011717
-89.028	0.5618	10.37	-0.3981	-1.528	0.0012776
-85.446	-0.538	11.417	-0.7011	-1.527	0.0009594
-85.923	0.321	8.965	0.0396	-1.527	0.0009041
-88.656	-0.3246	12.075	0.2488	-1.527	0.0009231
-85.511	0.4916	8.597	0.2979	-1.525	0.001204
-84.322	-0.2107	9.906	0.7055	-1.525	0.0011062
-82.144	0.2261	9.231	-0.5634	-1.524	0.0010579
-84.94	-0.067	6.396	0.0316	-1.524	0.0009728
-87.114	-0.0096	10.108	0.3976	-1.524	0.000973
-85.209	0.3014	11.716	-0.2909	-1.524	0.0011361
-85.216	-0.1849	11.482	-0.1935	-1.524	0.0012325
-85.733	-0.1335	11.869	-0.0557	-1.524	0.0010037
-90.498	0.1668	8.702	-0.009	-1.523	0.0012145
-86.242	-0.2498	9.355	-0.1644	-1.523	0.0011062
-85.049	-0.2631	10.452	-0.0235	-1.523	0.0010542
-85.747	-0.1459	8.099	-0.8317	-1.522	0.001015
-89.228	-0.5771	9.758	0.1559	-1.522	0.0011017
-83.831	0.4175	7.945	-0.1681	-1.522	0.0011961
-86.599	0.0959	9.944	-0.156	-1.521	0.0010483
-87.695	-0.0757	8.019	0.0195	-1.519	0.0010522
-87.946	-0.4442	12.325	-0.5053	-1.517	0.001053
-86.756	0.3098	9.11	-0.5353	-1.516	0.001128
-85.399	-0.0432	6.703	0.0694	-1.516	0.0009178
-90.332	0.0477	9.62	-0.3904	-1.515	0.0012051
-88.815	-0.2272	10.227	-0.6925	-1.514	0.0009878
-84.006	-0.085	9.061	0.5265	-1.513	0.001236
-84.909	-0.5077	9.451	-0.1147	-1.512	0.0010089
-82.984	-0.0079	11.187	0.6358	-1.512	0.0009242
-85.306	0.4526	9.441	0.5181	-1.511	0.0011976
-85.969	0.3559	8.894	0.1713	-1.51	0.0012479
-86.41	0.2047	13.406	0.0253	-1.508	0.0011548
-81.747	-0.0705	11.132	-0.3681	-1.508	0.0010441
-86.017	-0.1153	10.453	-0.2302	-1.506	0.0011533
-81.682	-0.3017	9.97	0.1353	-1.506	0.0009418
-83.909	0.3679	11.458	-0.1111	-1.505	0.0012338
-85.549	0.5578	10.82	0.5027	-1.504	0.0010072
-85.157	-0.2204	8.243	-0.6185	-1.504	0.0011407
-83.525	-0.628	10.673	-0.6637	-1.502	0.0008321
-84.294	0.5586	11.934	-0.1281	-1.502	0.0010737
-89.488	0.4079	10.052	0.4415	-1.502	0.0012052
-87.52	0.3671	9.836	-0.0084	-1.499	0.0009709
-87.055	-0.1186	10.049	0.5055	-1.499	0.0012226
-86.327	0.6036	9.849	-0.2798	-1.499	0.0009976
-87.672	-0.439	9.478	0.2248	-1.498	0.0008319
-86.036	0.117	11.417	0.4782	-1.498	0.0011773
-86.348	0.0373	11.283	0.4361	-1.498	0.0011019
-85.397	-0.3356	13.069	0.0318	-1.497	0.0009421
-88.337	0.1648	12.055	-0.7533	-1.494	0.0011702
-82.96	0.021	10.575	-0.1992	-1.494	0.0010764
-85.491	-0.3505	8.367	-0.4059	-1.492	0.0011023
-83.963	-0.248	11.118	-0.3448	-1.491	0.0011396
-89.043	-0.2253	7.247	0.1308	-1.491	0.0011254
-84.447	0.033	10.353	-0.9043	-1.491	0.001073
-82.417	-0.0505	8.265	0.0963	-1.489	0.0011481
-84.032	-0.4196	8.736	-0.6117	-1.488	0.0011295
-87.983	-0.3468	12.384	0.0198	-1.488	0.0010892
-84.786	-0.484	12.204	-0.5014	-1.488	0.000966
-88.142	0.0986	9.992	-0.0756	-1.487	0.0013074
-88.557	-0.2909	9.544	-0.3129	-1.487	0.0010776
-88.597	-0.0095	9.984	-0.6212	-1.487	0.0010044
-85.165	-0.1874	8.33	-0.1616	-1.487	0.0008979
-85.934	-0.5958	10.073	-0.3004	-1.485	0.0009879
-82.597	0.0974	8.589	-0.3135	-1.484	0.0008907
-83.279	0.3277	10.123	0.197	-1.484	0.0010282
-88.631	0.5063	10.596	0.5511	-1.484	0.0010227
-87.475	-0.0288	9.704	0.574	-1.483	0.0011731
-86.856	0.4318	11.636	0.1578	-1.482	0.0009643
-82.984	-0.2007	9.075	-0.1353	-1.479	0.0010232
-86.005	0.1828	12.457	0.4724	-1.479	0.0012399
-82.838	0.2647	11.414	0.3561	-1.478	0.0009509
-84.212	-0.5462	10.734	0.424	-1.478	0.0008799
-83.844	0.0838	10.672	-0.1274	-1.478	0.0009896
-82.221	0.2877	9.089	0.5778	-1.478	0.000965
-88.055	-0.2855	10.589	-0.0018	-1.478	0.0008478
-87.259	0.0726	8.811	0.3102	-1.476	0.0009844
-82.809	0.1621	8.6	-0.1826	-1.476	0.0011426
-87.663	0.3221	13.402	-0.1469	-1.476	0.0013095
-86.361	0.6384	9.603	-0.0297	-1.476	0.0010852
-86.566	0.4956	10.904	0.8445	-1.475	0.0009835
-82.619	0.4343	8.537	-0.0788	-1.475	0.0010558
-87.606	-0.0226	8.453	0.0772	-1.475	0.0010655
-87.493	-0.3101	7.73	-0.0763	-1.475	0.0009417
-84.81	-0.1662	8.013	-0.819	-1.474	0.0009458
-85.863	-0.0246	10.298	0.0792	-1.473	0.0009632
-86.292	0.793	10.822	0.1241	-1.472	0.0011501
-85.235	0.2224	9.852	0.8559	-1.47	0.0012901
-88.415	-0.2007	12.165	0.7153	-1.468	0.0011004
-87.143	0.6713	9.36	-0.4412	-1.467	0.0011468
-87.53	-0.2408	11.719	-0.2358	-1.467	0.0009183
-85.828	0.5894	12.613	-0.0918	-1.466	0.0009844
-84.59	0.1882	10.102	0.2381	-1.466	0.0010693
-82.239	-0.2579	9.246	0.2248	-1.463	0.0010601
-83.804	-0.2351	10.055	-0.2798	-1.463	0.0010133
-85.423	-0.2694	7.537	0.0699	-1.463	0.0008578
-83.765	-0.1172	11.253	0.1738	-1.463	0.0012003
-82.659	-0.0316	7.359	0.3316	-1.461	0.0010995
-85.225	0.0514	10.152	-0.4456	-1.461	0.0012329
-86.604	0.0782	12.889	0.5311	-1.461	0.0009347
-88.386	-0.0724	8.576	0.7803	-1.46	0.0011166
-86.498	0.1341	10.673	-0.8168	-1.46	0.0011845
-88.251	0.4791	8.558	-0.1329	-1.46	0.0009598
-86.346	-0.0602	13.198	-0.1923	-1.459	0.0013102
-82.043	0.1553	7.931	-0.0694	-1.459	0.0010695
-85.556	0.1376	9.539	0.4566	-1.459	0.0010923
-86.455	-0.1216	7.819	-0.0382	-1.458	0.0012147
-85.352	-0.0395	7.842	0.1993	-1.457	0.0010076
-85.273	-0.381	10.581	0.6634	-1.457	0.0011019
-83.655	0.244	9.24	-0.226	-1.456	0.000887
-90.183	-0.2736	9.498	-0.0628	-1.456	0.0011376
-89.213	-0.0917	12.534	-0.1063	-1.455	0.0011092
-89.489	-0.0644	9.312	0.0349	-1.455	0.0012523
-84.658	0.0184	11.454	-0.6322	-1.454	0.0008936
-86.588	0.0334	9.442	-0.2032	-1.454	0.0008891
-83.168	0.0232	10.609	0.3822	-1.454	0.0009879
-85.771	0.4533	10.699	-0.199	-1.451	0.0010753
-88.166	-0.0815	7.806	0.2341	-1.451	0.001084
-84.907	0.3851	6.701	0.0586	-1.45	0.0008377
-88.425	0.4842	9.334	-0.3392	-1.449	0.0009345
-84.515	-0.2316	9.351	1.0163	-1.449	0.0010274
-88.946	0.2217	8.977	-0.4809	-1.449	0.0009846
-86.256	0.7401	11.527	0.0366	-1.448	0.0010872
-89.715	-0.5182	11.009	-0.2571	-1.448	0.0012502
-84.872	-0.0825	10.805	0.4243	-1.448	0.0010802
-88.839	-0.203	12.567	0.1519	-1.448	0.0011227
-88.885	0.0783	10.743	-0.0253	-1.448	0.0009282
-85.484	0.3618	8.405	-0.672	-1.447	0.0011398
-86.227	0.3901	13.577	0.1758	-1.446	0.0009845
-87.692	0.0186	8.387	-0.096	-1.445	0.0011719
-85.571	0.05	10.466	-0.3439	-1.443	0.0010326
-82.873	0.5671	11.557	0.455	-1.442	0.0008789
-84.67	0.1586	9.862	-0.6358	-1.442	0.0010665
-85.847	-0.5644	9.588	0.3039	-1.44	0.0009025
-88.055	0.33	12.015	-0.5705	-1.44	0.0012325
-86.666	-0.1543	7.093	0.4376	-1.438	0.0012396
-84.528	-0.3855	8.77	0.5509	-1.438	0.0010316
-88.751	-0.0469	10.856	-0.3675	-1.437	0.0010501
-87.639	0.1768	8.32	-0.095	-1.435	0.001141
-85.834	-0.0327	9.541	-0.2055	-1.433	0.000899
-84.098	-0.1354	11.052	0.6899	-1.432	0.0010058
-88.375	-0.3161	10.387	0.1408	-1.43	0.0011407
-84.704	0.5645	11.553	-0.0308	-1.43	0.0011595
-81.414	-0.0458	11.091	0.5293	-1.43	0.0009372
-84.873	-0.4646	12.765	-0.1154	-1.43	0.0010495
-87.022	-0.4342	10.53	0.1052	-1.429	0.001174
-86.344	-0.0552	9.877	-0.5301	-1.429	0.001001
-84.537	-0.2225	9.863	-0.4237	-1.429	0.0008738
-86.76	0.1401	12.291	0.6728	-1.427	0.0010681
-87.776	-0.2055	9.579	-0.564	-1.427	0.0010512
-86.301	0.6611	9.236	0.3744	-1.426	0.0011284
-83.847	0.2747	12.24	0.2192	-1.425	0.0011037
-84.377	-0.3904	9.393	-0.5065	-1.424	0.0010027
-85.121	-0.0457	10.208	0.1423	-1.424	0.0011513
-85.401	-0.0149	6.946	0.6038	-1.423	0.0012409
-86.676	-0.5712	8.921	-0.212	-1.423	0.0011886
-91.668	-0.118	9.785	-0.3603	-1.422	0.001328
-85.338	0.8081	10.05	0.1988	-1.422	0.0010103
-86.259	0.2542	10.059	0.6149	-1.421	0.0010281
-84.571	0.1829	12.093	-0.0421	-1.421	0.0011153
-83.54	-0.0377	11.59	0.2596	-1.421	0.0010393
-84.459	-0.4676	12.02	-0.4232	-1.42	0.001125
-82.29	-0.1258	7.972	0.1598	-1.42	0.0009544
-86.522	0.6782	9.536	-0.57	-1.42	0.0009354
-83.38	-0.3728	8.427	-0.0762	-1.419	0.0009737
-87.677	0.1123	9.912	0.827	-1.418	0.0011854
-86.71	0.1954	10.007	0.1174	-1.418	0.0009142
-84.906	-0.1742	9.119	-0.8079	-1.417	0.0012344
-89.55	-0.0295	12.447	0.0415	-1.417	0.0010296
-87.743	0.3438	8.985	-0.0754	-1.415	0.0010637
-87.494	-0.0966	8.201	0.0866	-1.414	0.0011249
-88.713	0.1359	9.058	-0.4086	-1.414	0.0011393
-83.724	-0.4461	12.49	0.0274	-1.414	0.0012074
-84.852	0.268	6.272	-0.0586	-1.414	0.001143
-85.289	-0.3417	11.881	0.4149	-1.413	0.001144
-88.228	0.2937	7.245	0.1786	-1.412	0.0009806
-86.242	0.001	7.54	0.2056	-1.41	0.0011046
-83.982	0.239	11.639	0.0377	-1.41	0.0011128
-85.476	-0.5581	11.022	0.1476	-1.41	0.0010133
-84.942	0.5026	9.588	0.5365	-1.409	0.0009344
-84.602	-0.0707	8.683	-0.0463	-1.409	0.001142
-86.553	-0.0726	13.514	-0.1892	-1.408	0.001065
-84.138	0.0974	6.645	0.1284	-1.408	0.001233
-86.525	-0.3373	9.529	0.6874	-1.407	0.0011628
-86.031	-0.4009	9.527	-0.9762	-1.407	0.0011008
-89.222	0.3105	10.718	-0.322	-1.406	0.0011353
-86.557	-0.0203	6.813	-0.4506	-1.405	0.0011576
-88.514	0.0291	10.129	-0.9126	-1.402	0.0010394
-86.777	0.0573	10.0	-0.6144	-1.402	0.0009184
-88.764	0.4748	9.392	0.4356	-1.4	0.0012492
-83.025	-0.4491	8.601	0.3827	-1.398	0.00099
-86.891	-0.1031	10.115	-0.3011	-1.397	0.0010664
-86.984	-0.458	9.42	0.2757	-1.397	0.0008573
-82.378	-0.073	8.265	0.1676	-1.396	0.0011103
-86.984	0.5595	8.1	0.2195	-1.396	0.0009462
-84.455	-0.5216	12.158	0.0939	-1.396	0.0010931
-87.848	0.2958	8.869	-0.7545	-1.395	0.0012562
-85.067	-0.2379	12.847	-0.359	-1.394	0.0008852
-84.895	0.2031	9.649	0.4075	-1.394	0.0010796
-86.282	-0.2453	8.209	-0.3413	-1.393	0.0010979
-86.388	-0.2525	8.032	-0.445	-1.393	0.0011761
-89.367	-0.3203	9.411	0.3623	-1.393	0.0011044
-87.221	0.3167	11.747	-0.4251	-1.393	0.0009655
-87.751	0.2328	11.903	0.2933	-1.392	0.0012579
-87.545	0.3438	10.474	0.6959	-1.392	0.0009675
-86.122	-0.0394	8.652	-0.6076	-1.391	0.0011287
-89.374	0.4378	11.265	-0.1727	-1.389	0.0010082
-86.386	-0.1329	8.021	-0.5276	-1.388	0.0009165
-82.91	0.0117	7.414	0.3317	-1.385	0.0011544
-84.612	0.1705	8.22	-0.1537	-1.385	0.0008519
-88.481	0.5916	11.391	0.3187	-1.384	0.0010904
-84.347	-0.517	12.092	0.3476	-1.384	0.0009786
-85.193	0.3367	11.416	-0.0174	-1.384	0.00111
-89.429	0.1777	10.773	0.357	-1.383	0.001114
-82.955	0.2633	10.284	-0.0754	-1.383	0.0010889
-87.014	-0.5624	11.176	0.5077	-1.381	0.0011238
-83.936	-0.2325	12.161	-0.3588	-1.381	0.0012396
-89.355	-0.1908	8.484	-0.1567	-1.379	0.0011523
-86.994	-0.288	8.474	0.5449	-1.379	0.001006
-86.23	-0.0285	13.225	0.2768	-1.377	0.0011288
-83.585	0.2904	8.546	0.1841	-1.377	0.0012629
-86.955	-0.107	9.798	0.3096	-1.377	0.001099
-86.274	-0.2353	9.26	0.541	-1.376	0.0011997
-84.873	-0.1396	9.399	0.8838	-1.376	0.0008258
-85.852	-0.5589	9.755	-0.1315	-1.375	0.0012587
-89.763	0.4121	10.111	-0.096	-1.374	0.001194
-85.524	0.1643	10.522	0.2346	-1.374	0.0011412
-84.167	0.3947	10.205	0.0515	-1.373	0.000996
-84.682	0.6885	8.866	0.0721	-1.373	0.0011009
-86.932	0.1849	12.818	0.3104	-1.373	0.001216
-86.794	0.0154	11.521	0.0413	-1.372	0.0009982
-85.768	0.351	9.831	0.3757	-1.37	0.000959
-84.576	-0.2331	12.027	0.0367	-1.369	0.0011346
-84.455	0.1015	10.169	-0.946	-1.369	0.0009549
-87.588	-0.3711	10.557	-0.0457	-0.526	0.0010585
-86.192	0.3765	12.24	-0.0632	-0.525	0.0008992
-85.082	0.0936	8.423	-0.0338	-0.523	0.0009893
-85.964	0.7218	11.358	-0.2175	-0.522	0.0008717
-87.565	0.0024	7.133	0.592	-0.522	0.0010958
-87.248	0.0525	7.194	0.5878	-0.521	0.001264
-84.645	-0.2289	7.725	0.4231	-0.519	0.0010264
-89.269	0.0241	9.747	-0.538	-0.519	0.0009675
-86.722	0.3113	9.015	-0.2001	-0.518	0.0010928
-88.475	0.3329	11.36	-0.3886	-0.517	0.0011987
-85.39	-0.0818	7.352	-0.5623	-0.516	0.0008578
-85.837	0.1671	11.121	-0.0711	-0.515	0.0008216
-84.374	0.0194	8.558	-0.7928	-0.512	0.0009479
-83.551	-0.3169	6.951	0.0883	-0.51	0.0008885
-83.324	-0.2086	10.275	-0.7317	-0.509	0.0010438
-88.419	0.071	12.564	0.053	-0.508	0.0008984
-86.061	0.3457	8.3	0.6352	-0.507	0.0009153
-82.213	0.0966	8.914	-0.1005	-0.505	0.0010939
-83.992	-0.1477	9.039	-0.3202	-0.504	0.0011039
-85.01	0.4964	9.531	-0.2474	-0.504	0.0009738
-83.893	0.5343	10.384	-0.0678	-0.503	0.0011508
-82.461	-0.0358	7.831	-0.3396	-0.503	0.0008979
-86.541	0.2206	10.462	0.8641	-0.503	0.0011413
-87.29	-0.5999	9.416	0.5545	-0.501	0.0009669
-84.203	0.2611	12.446	0.1767	-0.501	0.0010159
-91.129	0.2682	9.95	0.0965	-0.5	0.0012262
-88.834	0.1923	10.567	0.157	-0.5	0.0009987
-84.334	-0.2367	12.116	0.3521	-0.5	0.0009777
-89.388	0.089	9.706	-0.2491	-0.5	0.0012877
-83.124	-0.5654	9.261	0.1777	-0.5	0.0011614
-86.98	0.2862	8.752	-0.0602	-0.499	0.0009639
-87.639	0.1698	9.969	0.9678	-0.499	0.0010976
-85.11	-0.4407	10.097	0.2176	-0.499	0.0011
-84.925	-0.2762	9.891	-0.6529	-0.498	0.0010996
-85.529	0.019	10.982	-0.2343	-0.498	0.0010413
-82.455	0.1856	7.948	-0.3968	-0.498	0.0009544
-82.527	-0.379	10.971	-0.0057	-0.497	0.0009226
-89.342	0.2383	8.249	-0.2776	-0.496	0.0010818
-88.942	-0.046	12.526	-0.1294	-0.496	0.001045
-83.976	-0.2902	9.093	-0.866	-0.494	0.0009388
-83.308	-0.0817	11.386	-0.1209	-0.494	0.0009943
-83.385	-0.4523	7.446	0.5003	-0.493	0.0009003
-85.335	0.0557	9.633	0.3559	-0.492	0.0012579
-84.047	-0.2127	13.415	0.132	-0.491	0.0009542
-82.084	0.2986	9.509	0.1215	-0.49	0.00107
-85.699	-0.3287	8.366	0.2295	-0.49	0.0010608
-87.41	-0.3373	9.916	0.2856	-0.489	0.0012282
-85.53	0.0219	10.974	-0.4812	-0.488	0.0010551
-88.36	0.1622	9.603	-0.818	-0.487	0.0010814
-85.48	-0.1341	11.829	0.5962	-0.487	0.0012315
-87.929	0.109	9.168	0.6353	-0.487	0.0008853
-82.761	-0.4689	7.978	0.2299	-0.486	0.0009713
-86.225	-0.3708	12.925	-0.4349	-0.486	0.0009465
-86.255	-0.1057	10.35	-0.1957	-0.485	0.0012157
-87.338	0.7358	10.299	-0.4453	-0.485	0.0011483
-86.034	-0.25	9.998	0.2136	-0.481	0.0008947
-87.515	0.5563	9.926	0.6065	-0.478	0.0010943
-85.303	0.1048	7.696	0.3181	-0.476	0.0012247
-88.485	0.1827	9.161	0.2764	-0.476	0.0009079
-83.249	-0.1193	7.719	0.2832	-0.475	0.0011091
-86.844	-0.3351	10.778	0.4062	-0.475	0.0011793
-88.141	0.3291	9.163	0.3325	-0.474	0.0011777
-85.491	-0.3508	8.869	0.2151	-0.474	0.0011069
-87.376	-0.4555	9.669	0.7115	-0.474	0.0009057
-84.757	-0.3457	10.1	-0.6211	-0.473	0.0009931
-87.354	0.2952	8.825	-0.4613	-0.473	0.0012465
-85.389	0.5541	8.78	0.553	-0.473	0.0011166
-87.567	0.2847	10.584	0.2645	-0.471	0.0011696
-86.081	-0.5578	9.458	-0.6754	-0.471	0.0012177
-84.541	0.6087	11.023	-0.5809	-0.47	0.0008161
-85.811	-0.4471	13.293	-0.0952	-0.47	0.0009822
-84.111	0.0548	6.976	-0.5976	-0.469	0.0009926
-84.539	-0.2724	10.805	0.308	-0.469	0.0012203
-86.604	-0.2314	8.596	-0.0276	-0.468	0.001133
-84.97	-0.2968	13.027	-0.5338	-0.467	0.001136
-82.1	0.1782	10.131	0.5945	-0.466	0.0008278
-83.194	-0.0967	8.704	0.392	-0.466	0.0011024
-85.074	0.3779	11.657	0.7814	-0.465	0.000873
-87.15	0.8813	9.643	0.1359	-0.464	0.0012165
-88.203	-0.2306	10.769	0.6593	-0.464	0.0009479
-84.569	0.1573	8.526	0.0334	-0.463	0.0009624
-84.375	0.0359	6.912	0.0626	-0.463	0.000908
-84.891	0.4949	9.199	0.0759	-0.462	0.0010835
-83.926	0.6002	9.042	0.1727	-0.462	0.0008327
-85.309	-0.0823	9.983	0.2095	-0.461	0.0010855
-86.868	-0.0735	10.408	-0.7891	-0.461	0.0008425
-86.92	0.4278	11.512	0.2058	-0.461	0.0008442
-89.614	-0.3193	8.761	0.2387	-0.46	0.0011079
-83.752	-0.1627	9.973	0.0567	-0.458	0.0009
-87.508	-0.4315	10.717	-0.1889	-0.458	0.0010055
-84.556	-0.0703	11.063	-0.016	-0.457	0.0009061
-82.74	0.0884	9.314	0.2995	-0.456	0.0009465
-82.522	-0.2367	10.397	0.3759	-0.456	0.0012266
-87.68	-0.6088	8.672	0.1948	-0.455	0.0008703
-85.137	0.0486	13.673	-0.0362	-0.455	0.0011246
-85.986	-0.3584	10.154	-0.2256	-0.455	0.0010725
-85.336	0.6379	11.836	0.0251	-0.455	0.0011834
-87.161	0.2041	10.607	-0.7963	-0.452	0.0010369
-83.026	0.2684	7.812	0.3065	-0.451	0.0011234
-83.064	-0.3839	12.318	0.008	-0.45	0.0009084
-86.317	-0.1051	8.783	0.0957	-0.45	0.0010912
-88.141	-0.3827	10.053	-0.6607	-0.45	0.001127
-86.367	-0.7691	10.494	0.3292	-0.449	0.0010898
-85.163	0.6371	8.814	-0.4711	-0.448	0.000845
-84.412	-0.2964	11.511	0.1811	-0.448	0.0011516
-87.428	-0.1124	7.924	-0.282	-0.447	0.0011694
-84.885	-0.2185	10.633	0.873	-0.447	0.0009955
-85.707	-0.6551	10.862	-0.2749	-0.447	0.0009982
-82.984	0.1325	12.625	0.1566	-0.446	0.0008426
-86.738	0.1579	12.389	-0.4273	-0.445	0.0012301
-84.328	-0.2564	8.428	-0.1586	-0.444	0.0008662
-87.006	0.2303	10.392	-0.9653	-0.443	0.00101
-86.101	0.5072	11.402	-0.17	-0.442	0.0011808
-85.418	-0.081	11.574	0.2587	-0.441	0.0012596
-86.536	0.2744	8.789	0.0438	-0.441	0.0011412
-82.042	0.0682	10.596	-0.0973	-0.441	0.001141
-84.582	-0.127	10.04	0.1523	-0.441	0.000892
-87.08	0.4936	7.941	-0.514	-0.44	0.0011136
-86.62	0.7065	9.037	-0.1138	-0.44	0.0008193
-83.986	0.205	8.806	-0.0013	-0.437	0.0010093
-87.01	0.0117	11.562	-0.2478	-0.437	0.00104
-85.35	0.1663	7.608	0.1922	-0.435	0.0011217
-87.489	0.5143	9.527	-0.3942	-0.435	0.0010218
-88.713	-0.6398	8.417	-0.5106	-0.434	0.0012303
-84.489	0.1742	6.685	-0.3882	-0.433	0.001126
-86.121	0.3911	11.361	0.8621	-0.432	0.0008588
-85.377	-0.3252	9.734	-0.6715	-0.432	0.0013021
-85.901	0.241	13.411	0.2768	-0.432	0.0008676
-84.073	-0.5443	9.038	-0.5981	-0.43	0.0010641
-83.795	0.1417	11.25	0.3331	-0.429	0.000947
-86.133	0.2358	11.43	-0.2636	-0.429	0.0008573
-86.253	0.4645	9.222	0.1874	-0.428	0.0009654
-85.913	-0.5444	11.705	-0.3515	-0.428	0.0011015
-89.093	0.4721	12.044	-0.123	-0.428	0.0010412
-83.737	0.2989	10.123	-0.4393	-0.427	0.0011255
-83.985	-0.5323	10.138	0.1061	-0.427	0.0012609
-86.952	0.2696	11.404	0.0666	-0.426	0.0010287
-86.278	-0.461	10.412	-0.1472	-0.425	0.0009511
-84.255	-0.1281	9.162	-0.6346	-0.422	0.0010642
-83.915	-0.649	10.586	0.0648	-0.422	0.0009172
-85.4	-0.8248	11.426	0.0509	-0.42	0.0011304
-85.278	0.6276	9.854	-0.4015	-0.42	0.0011833
-89.324	0.5209	9.279	-0.2028	-0.419	0.0011853
-84.514	0.5211	11.642	-0.3214	-0.417	0.0008711
-83.696	-0.4536	11.163	0.3872	-0.416	0.001068
-89.562	0.6851	10.489	-0.1546	-0.414	0.0012419
-87.694	-0.1837	11.906	-0.689	-0.414	0.0012053
-87.952	0.3118	10.46	-0.3007	-0.413	0.001143
-88.536	0.4527	8.356	-0.3224	-0.413	0.0012256
-83.472	-0.2243	9.501	0.5287	-0.413	0.000891
-84.131	-0.0756	11.456	0.5368	-0.412	0.0008852
-87.478	0.7152	10.158	0.2232	-0.412	0.0010694
-87.854	0.2609	9.255	0.541	-0.411	0.001077
-88.781	0.6238	9.793	-0.0469	-0.41	0.0011523
-84.484	0.2539	9.868	-0.4427	-0.41	0.0012903
-87.019	0.6261	7.791	0.321	-0.409	0.0012859
-86.235	-0.109	11.946	0.9097	-0.409	0.0011556
-86.71	0.3089	11.712	0.2895	-0.408	0.0010873
-85.571	0.1277	6.866	0.4454	-0.408	0.0012658
-85.653	0.1416	9.725	-0.2425	-0.408	0.0012148
-87.282	0.3711	8.636	0.692	-0.407	0.000864
-82.698	-0.4236	8.478	0.5061	-0.407	0.0009668
-84.077	-0.0917	8.462	0.783	-0.407	0.0009492
-88.141	-0.0802	11.61	0.5742	-0.406	0.0012546
-86.04	-0.1226	9.318	0.6559	-0.405	0.0009343
-89.882	-0.0229	9.846	-0.0479	-0.404	0.0011881
-89.052	0.4118	9.324	-0.3017	-0.404	0.0010062
-85.925	0.423	11.32	0.5689	-0.402	0.000974
-83.605	-0.0708	7.701	-0.7919	-0.402	0.0008795
-85.241	0.0945	9.679	0.4919	-0.402	0.001177
-85.131	-0.3561	11.333	-0.2741	-0.402	0.0011363
-87.602	0.4046	7.449	0.0592	-0.399	0.0009485
-88.331	0.1857	9.654	0.5006	-0.399	0.0008214
-83.671	0.2443	9.653	-0.3922	-0.398	0.0009149
-84.415	0.2828	10.897	-0.2577	-0.394	0.0012053
-86.441	0.5538	9.858	0.0985	-0.393	0.0009365
-85.123	-0.2334	10.918	0.4691	-0.391	0.0012912
-85.751	-0.0644	9.404	-0.0498	-0.391	0.0012096
-86.673	0.0431	12.652	-0.4456	-0.389	0.0011667
-83.862	0.4435	10.603	-0.3779	-0.387	0.000879
-87.042	0.1309	8.611	-0.8062	-0.386	0.000981
-86.21	-0.0957	7.412	-0.2315	-0.384	0.0011081
-86.921	0.1963	12.226	-0.4811	-0.384	0.0010291
-87.901	-0.3718	9.885	-0.03	-0.383	0.0009719
-87.696	-0.6801	11.365	0.1728	-0.382	0.0009411
-85.706	0.0252	11.8	-0.8422	-0.382	0.0011022
-88.654	0.1549	13.704	0.123	-0.381	0.0012525
-87.431	-0.1885	9.406	-0.866	-0.381	0.0012482
-87.417	-0.4059	7.439	0.1817	-0.38	0.0011984
-89.358	0.423	10.683	-0.3072	-0.379	0.0010917
-88.385	-0.1878	10.597	0.5552	-0.379	0.0012212
-86.84	-0.4758	10.731	-0.0776	-0.378	0.0010754
-85.158	0.0733	11.607	-0.5245	-0.378	0.0011567
-86.493	0.4595	9.137	-0.2512	-0.377	0.0010352
-86.321	0.2675	8.506	0.2594	-0.375	0.0010846
-86.955	-0.3636	7.926	-0.2346	-0.374	0.0009399
-83.849	0.2594	8.488	-0.2959	-0.373	0.000851
-88.577	0.056	11.499	0.5555	-0.373	0.0010245
-82.748	0.4902	9.247	0.3541	-0.372	0.0010968
-86.376	0.0831	8.197	0.426	-0.372	0.0009034
-87.797	0.2551	7.064	0.0244	-0.371	0.0011092
-85.474	-0.397	7.814	0.4307	-0.37	0.0009745
-87.477	-0.1788	7.105	-0.0912	-0.37	0.0009031
-83.065	0.5211	7.825	0.0423	-0.369	0.0010754
-87.888	0.4209	11.265	-0.3631	-0.367	0.0011032
-85.175	-0.4117	7.97	0.5629	-0.365	0.0009479
-86.562	-0.3128	11.83	-0.5439	-0.365	0.0011039
-85.331	-0.608	8.888	-0.5179	-0.364	0.0012486
-86.179	0.494	11.951	0.7015	-0.364	0.0010333
-89.525	0.0995	9.154	0.2881	-0.363	0.0012112
-85.905	-0.0649	13.561	0.2297	-0.362	0.0008381
-88.129	0.2673	10.426	-0.2857	-0.362	0.0009802
-87.414	-0.3338	10.883	-0.6776	-0.361	0.0009766
-83.569	-0.2561	10.025	0.8892	-0.361	0.0010183
-90.226	-0.1039	9.235	0.2124	-0.361	0.0011648
-86.379	-0.0527	10.635	-0.6342	-0.358	0.0012265
-84.856	-0.1557	9.513	0.6172	-0.358	0.0012127
-85.994	0.3329	12.849	-0.0741	-0.357	0.0008871
-89.172	-0.0903	8.503	0.3062	-0.356	0.0012447
-86.735	-0.4491	11.323	0.4999	-0.355	0.0009782
-84.412	0.3303	13.089	0.0272	-0.354	0.0011528
-84.02	-0.3355	9.093	-0.3847	-0.354	0.0011249
-87.961	-0.3996	12.015	0.6238	-0.353	0.0011245
-86.759	0.3483	8.841	-0.462	-0.353	0.0012078
-87.059	-0.2229	12.158	0.1069	-0.352	0.0011858
-83.409	-0.4634	9.214	0.2493	-0.351	0.0009938
-87.723	0.3722	10.108	0.8044	-0.351	0.0011069
-86.023	0.4497	8.488	-0.6652	-0.35	0.0010047
-81.924	0.1213	9.625	-0.2222	-0.35	0.0011298
-85.827	0.2661	7.852	-0.0145	-0.349	0.0012614
-87.955	0.3094	9.325	0.6567	-0.349	0.000978
-85.694	-0.5937	9.996	-0.829	-0.347	0.0009708
-85.619	0.0625	9.515	0.8321	-0.347	0.0010571
-87.555	-0.4101	13.249	0.0993	-0.346	0.0010648
-84.192	0.1909	7.905	0.2182	-0.345	0.0011371
-84.719	-0.8779	10.092	0.1567	-0.344	0.0010022
-85.441	-0.3479	8.251	0.058	-0.342	0.0010221
-87.259	-0.1476	10.704	-0.372	-0.342	0.0010702
-86.056	-0.2198	7.447	0.7712	-0.339	0.0009993
-82.832	-0.1022	11.522	-0.3573	-0.339	0.0012541
-88.728	0.5518	8.099	0.0125	-0.339	0.0010863
-86.266	0.4332	8.678	-0.359	-0.339	0.0013028
-84.7	0.3538	9.857	0.5863	-0.338	0.0010574
-90.423	-0.1098	10.885	-0.4897	-0.338	0.0011284
-83.33	-0.0097	7.61	-0.1273	-0.338	0.0010533
-85.33	0.4672	10.461	-0.2332	-0.337	0.0009188
-85.946	0.0992	9.121	-0.2811	-0.337	0.0008551
-86.004	-0.2246	10.742	-0.3086	-0.337	0.0010503
-89.495	0.1983	7.806	-0.2019	-0.336	0.0012989
-84.608	-0.3082	8.964	-0.014	-0.335	0.0011491
-86.571	0.051	9.807	-0.351	-0.334	0.0008208
-88.142	-0.0089	11.621	-0.2773	-0.334	0.0012412
-86.096	-0.3097	9.444	0.0066	-0.333	0.0011958
-86.817	-0.2268	11.129	0.6255	-0.333	0.0011849
-88.064	0.1275	8.34	0.108	-0.332	0.0008084
-86.092	-0.3002	10.776	-0.6734	-0.331	0.0011149
-89.216	-0.1597	9.389	0.4345	-0.33	0.001158
-84.604	0.1213	11.69	-0.3435	-0.33	0.0011738
-83.755	0.4467	9.2	0.0191	-0.33	0.0009567
-84.569	0.3587	13.082	-0.1149	-0.33	0.0010264
-84.676	0.155	8.02	-0.3623	-0.33	0.0010207
-86.726	-0.0564	12.425	0.2949	-0.328	0.0009545
-84.166	-0.126	7.962	0.1283	-0.327	0.0009753
-86.685	0.2043	8.366	0.1461	-0.325	0.0011994
-87.323	-0.2211	10.924	-0.6067	-0.325	0.0010997
-82.2	0.3793	9.537	-0.6833	-0.324	0.0008746
-84.134	0.4315	10.529	0.7939	-0.323	0.0009599
-84.964	-0.2503	9.356	0.2302	-0.319	0.0011302
-85.977	-0.1382	10.013	-0.2835	-0.318	0.000841
-89.394	-0.6203	9.384	-0.3919	-0.318	0.0011837
-85.662	-0.1503	9.167	0.3892	-0.318	0.0011672
-87.935	0.1397	9.512	-0.1262	-0.318	0.00093
-84.542	-0.4231	13.24	-0.1141	-0.316	0.0009397
-86.213	0.0837	10.451	-0.7258	-0.316	0.0012536
-87.076	-0.2112	11.822	0.2297	-0.314	0.0010113
-85.582	-0.2657	9.254	0.1963	-0.312	0.0009166
-85.641	0.557	9.675	0.0505	-0.312	0.0011084
-84.083	-0.0289	10.769	-0.3383	-0.312	0.0010948
-85.402	0.5887	10.61	0.131	-0.311	0.0010273
-82.798	0.4108	9.085	-0.0492	-0.311	0.0008257
-83.087	0.0722	9.593	0.509	-0.31	0.0008699
-88.167	0.3454	12.302	-0.5683	-0.31	0.0012562
-86.74	-0.5279	12.962	0.1554	-0.309	0.0011693
-88.26	-0.3121	10.21	0.2972	-0.309	0.0009914
-83.351	0.1235	9.021	-0.3976	-0.308	0.0012239
-85.079	0.4153	9.347	0.0883	-0.306	0.0011749
-89.248	0.2775	9.695	0.2474	-0.306	0.001205
-86.736	0.2668	8.73	-0.7127	-0.306	0.0009641
-87.749	-0.2963	11.901	-0.5147	-0.306	0.0008614
-88.169	-0.46	10.01	0.2686	-0.305	0.0010993
-87.066	-0.5715	8.018	-0.1191	-0.305	0.0012002
-87.031	0.0502	12.537	-0.6548	-0.304	0.0008828
-85.934	-0.4448	9.244	0.6616	-0.304	0.0012916
-86.604	-0.1041	9.888	-0.0342	-0.303	0.0008778
-84.016	0.0532	7.595	-0.1611	-0.303	0.0009569
-85.498	0.7423	8.739	0.2704	-0.303	0.0011104
-86.903	-0.1657	9.261	0.6127	-0.302	0.001183
-88.259	0.1575	11.868	-0.4784	-0.302	0.0010784
-87.905	-0.6139	10.136	0.3849	-0.302	0.000938
-81.982	0.1326	7.621	0.117	-0.301	0.0010583
-88.798	0.1597	6.649	0.2545	-0.301	0.0012387
-81.901	0.3484	9.598	0.6537	-0.297	0.0008156
-82.34	-0.1185	8.976	-0.3837	-0.296	0.0009492
-86.131	-0.6238	11.237	-0.6672	-0.295	0.0010581
-86.934	0.1257	11.033	0.5788	-0.295	0.0012109
-88.342	0.2291	12.265	-0.113	-0.295	0.0011363
-86.63	-0.4482	11.32	0.3526	-0.294	0.0011136
-86.831	0.1156	10.412	0.4991	-0.294	0.0010392
-86.421	0.2532	10.545	0.1465	-0.294	0.0010296
-85.229	0.7096	11.405	0.2017	-0.293	0.0009763
-86.305	0.1388	9.102	-0.1315	-0.293	0.0010493
-83.273	0.071	9.044	-0.3153	-0.293	0.0008628
-85.951	-0.4119	8.715	0.0128	-0.293	0.0010638
-82.705	-0.4679	10.111	0.3336	-0.292	0.0008906
-85.819	0.3681	8.833	0.2928	-0.291	0.0011838
-84.001	-0.7492	9.242	0.1257	-0.291	0.001115
-88.046	0.2525	10.769	0.4667	-0.289	0.0009133
-85.283	-0.0896	9.789	-0.8501	-0.289	0.0008911
-86.674	-0.1965	9.626	-0.3907	-0.288	0.0008248
-84.63	-0.3327	9.906	-0.4425	-0.288	0.0011487
-85.643	-0.175	11.675	0.2561	-0.287	0.0008789
-88.217	0.5124	7.756	-0.1736	-0.287	0.0009597
-89.422	0.356	9.847	-0.2442	-0.286	0.0011867
-85.673	-0.1976	7.739	0.4705	-0.286	0.0010432
-85.366	-0.2701	10.886	0.1916	-0.285	0.0011098
-89.413	0.0808	9.794	-0.5528	-0.285	0.0012423
-87.958	0.2508	10.117	0.0586	-0.285	0.0011769
-87.26	0.1055	8.349	0.7321	-0.285	0.0010923
-85.738	-0.103	8.543	0.7938	-0.283	0.0009705
-83.375	0.2591	8.939	0.667	-0.282	0.0009893
-91.086	0.2968	9.258	-0.2927	-0.28	0.0012839
-88.335	0.5967	10.206	-0.6014	-0.28	0.0010071
-87.275	0.4059	7.519	0.5418	-0.28	0.000979
-85.813	-0.1609	7.05	0.3509	-0.279	0.0010215
-84.483	0.3475	13.034	0.1533	-0.278	0.000979
-89.501	0.1433	8.741	0.1107	-0.278	0.0011416
-87.956	0.2326	12.274	0.133	-0.277	0.0012268
-89.362	0.4529	10.099	0.5632	-0.276	0.001087
-88.391	-0.2045	12.397	-0.3002	-0.276	0.0011436
-85.235	0.2943	12.839	-0.2918	-0.275	0.0011518
-84.93	0.3634	8.149	-0.0687	-0.275	0.0008283
-83.372	-0.0616	8.285	-0.0457	-0.274	0.0009262
-84.805	-0.5315	11.035	0.509	-0.274	0.0008026
-84.392	0.2994	9.959	-0.3301	-0.274	0.0009423
-89.152	-0.2158	9.379	-0.5866	-0.273	0.0009653
-84.296	-0.0041	9.279	0.4215	-0.272	0.0009636
-82.667	-0.14	9.347	-0.0792	-0.271	0.0010273
-87.265	0.2464	12.573	0.1	-0.271	0.0009679
-88.916	0.2943	9.14	-0.4513	-0.268	0.0009998
-85.069	-0.6001	10.925	0.0645	-0.267	0.0011552
-88.472	-0.2637	10.476	-0.0975	-0.267	0.0011182
-87.228	-0.5307	9.822	-0.7914	-0.266	0.001138
-87.735	-0.124	9.749	-0.3397	-0.265	0.0011264
-83.603	-0.0831	7.514	0.1399	-0.264	0.0010365
-85.93	-0.6195	10.149	0.2723	-0.261	0.0009832
-85.503	-0.6307	11.664	0.0985	-0.261	0.0009995
-84.146	-0.5256	10.151	0.2039	-0.259	0.0010845
-88.016	-0.4871	8.165	0.5524	-0.258	0.0012843
-83.128	0.3814	8.812	-0.6578	-0.257	0.0009207
-85.731	0.504	7.174	0.4524	-0.257	0.0008743
-82.75	0.4908	10.308	-0.395	-0.256	0.0011274
-89.895	-0.2658	9.401	0.0155	-0.256	0.0009514
-87.188	0.6124	8.688	-0.5962	-0.256	0.0011782
-89.047	0.3682	7.567	-0.2315	-0.256	0.0011535
-85.273	-0.1929	9.616	0.9509	-0.256	0.0010551
-84.283	0.0822	11.84	0.0147	-0.255	0.0009651
-84.849	0.2156	10.9	-0.2365	-0.255	0.0009788
-84.981	-0.1328	10.758	0.4146	-0.254	0.0008203
-87.904	0.4317	8.225	-0.0255	-0.253	0.0012564
-89.036	-0.2503	9.032	0.1044	-0.249	0.0008702
-85.571	-0.1903	11.619	-0.4742	-0.249	0.001055
-85.097	-0.0656	11.067	-0.1454	-0.249	0.0009363
-87.832	-0.036	12.535	-0.3708	-0.248	0.0010127
-87.253	-0.1208	11.183	0.2718	-0.248	0.0011415
-87.239	-0.2229	8.717	0.7384	-0.247	0.0010831
-88.362	-0.7232	8.896	0.2424	-0.247	0.0011587
-86.546	0.4004	9.86	-0.852	-0.247	0.0010842
-86.725	-0.367	9.527	0.5606	-0.246	0.001138
-87.663	-0.1325	10.708	0.5344	-0.246	0.001097
-86.763	0.2401	11.047	0.655	-0.246	0.0012566
-87.433	0.2234	11.168	0.7875	-0.245	0.0008667
-83.721	-0.2589	10.613	0.0898	-0.244	0.0009992
-85.713	0.2845	10.149	-0.6863	-0.244	0.0010071
-87.039	-0.1905	8.907	0.3834	-0.244	0.0010982
-82.556	-0.2251	9.05	0.2711	-0.243	0.0008746
-85.554	-0.6278	10.015	0.4822	-0.241	0.0010944
-82.71	-0.1797	7.884	-0.0679	-0.24	0.00083
-82.803	-0.0318	8.51	0.0223	-0.24	0.0009525
-87.529	0.1427	7.291	-0.2944	-0.239	0.0008621
-86.59	-0.0897	10.332	-0.2495	-0.239	0.0011018
-87.437	0.3073	9.44	0.5566	-0.239	0.0010007
-82.678	-0.2753	11.632	0.2779	-0.239	0.0011633
-85.931	-0.418	11.926	-0.638	-0.237	0.0010795
-86.103	-0.214	8.056	-0.8955	-0.237	0.0010655
-84.066	-0.26	12.297	-0.328	-0.237	0.0010184
-83.986	-0.5008	9.625	0.5978	-0.237	0.0011239
-85.532	0.1472	9.963	0.1125	-0.237	0.0012481
-87.708	-0.4422	10.866	0.1916	-0.236	0.0009816
-85.444	-0.3123	8.956	-0.3384	-0.236	0.0010366
-86.428	-0.6112	7.881	-0.1079	-0.234	0.0010138
-83.943	0.5745	9.354	0.1649	-0.233	0.0010516
-84.798	0.6635	9.884	-0.3045	-0.232	0.000959
-89.852	-0.0257	9.749	-0.1372	-0.229	0.0011873
-84.362	-0.3542	12.46	0.1458	-0.229	0.0010789
-84.389	-0.3308	10.796	0.0819	-0.228	0.0010196
-86.344	0.4349	7.803	-0.0633	-0.228	0.0011844
-85.094	0.0832	12.118	-0.2771	-0.227	0.0008464
-89.488	0.1839	7.479	-0.1147	-0.227	0.0011162
-85.149	-0.0343	6.652	-0.4822	-0.226	0.0009874
-82.002	0.3023	8.197	0.3179	-0.223	0.0009435
-85.275	-0.1733	7.444	-0.2257	-0.222	0.0010312
-87.241	0.6768	11.27	0.5163	-0.222	0.0010704
-87.132	-0.0112	13.272	0.3851	-0.222	0.0012092
-85.665	-0.6687	8.92	-0.2621	-0.221	0.0012106
-84.875	-0.3015	11.619	-0.1084	-0.22	0.0009591
-84.568	-0.1775	10.636	-0.0692	-0.22	0.0011879
-89.105	-0.3889	10.15	-0.1461	-0.22	0.0009719
-87.682	0.2041	9.809	0.514	-0.219	0.0011944
-83.799	0.0663	12.671	0.1168	-0.218	0.0011298
-84.846	0.3626	10.663	-0.1621	-0.218	0.001045
-84.097	0.3028	10.749	0.3083	-0.217	0.0011733
-86.59	0.0196	9.74	-0.5155	-0.216	0.0010612
-87.417	-0.1326	9.806	-0.4145	-0.215	0.0010084
-88.25	0.4128	7.498	-0.2389	-0.215	0.000992
-86.005	-0.3674	9.307	-0.158	-0.215	0.0008905
-83.422	-0.5108	9.025	0.0623	-0.214	0.001102
-83.638	-0.1384	11.438	0.1324	-0.214	0.0009573
-85.641	-0.6034	11.026	-0.0519	-0.213	0.0011447
-83.543	0.1965	13.64	0.115	-0.213	0.0008274
-85.252	-0.1526	7.331	0.1329	-0.212	0.0008276
-88.496	0.134	9.564	0.1387	-0.21	0.0009408
-85.633	-0.077	7.646	-0.6298	-0.209	0.001022
-86.23	0.5078	10.766	-0.3028	-0.208	0.0011638
-82.838	0.0188	8.205	0.3537	-0.208	0.0009591
-88.25	0.1765	12.27	-0.3048	-0.207	0.0010731
-87.028	-0.8665	10.635	0.0167	-0.206	0.0010994
-88.626	0.3954	9.06	-0.1207	-0.206	0.0011822
-84.126	-0.1165	10.662	-0.5104	-0.205	0.0012302
-90.659	-0.2721	8.393	-0.232	-0.204	0.001236
-82.081	0.2667	10.151	-0.5571	-0.204	0.0009293
-84.189	-0.2887	12.035	0.5546	-0.201	0.0009887
-87.35	0.2705	10.946	-0.439	-0.201	0.0009152
-86.892	0.0558	10.999	0.9035	-0.201	0.0009206
-85.021	-0.1947	9.84	0.2818	-0.201	0.0012497
-85.01	-0.4258	6.94	-0.0893	-0.201	0.0009941
-85.921	0.4392	8.007	-0.2649	-0.198	0.0011359
-84.223	-0.3167	9.961	0.4308	-0.198	0.0008584
-84.552	0.0255	10.074	-0.4341	-0.197	0.000865
-87.324	0.1424	9.592	0.4371	-0.196	0.0011467
-85.881	0.3107	11.831	0.5089	-0.196	0.0009545
-85.869	0.6475	8.132	-0.1032	-0.196	0.0010611
-82.679	-0.7212	11.053	0.3666	-0.196	0.0007905
-87.756	0.2875	9.922	0.3408	-0.195	0.001042
-87.28	-0.2293	8.35	0.7285	-0.194	0.0011069
-90.853	0.3009	9.311	-0.4958	-0.194	0.0012388
-85.599	0.0593	12.467	0.2487	-0.194	0.0010299
-87.237	0.1276	10.73	0.0751	-0.194	0.0012481
-86.834	0.2783	13.174	-0.2769	-0.192	0.0010623
-89.316	0.5325	8.672	-0.0166	-0.192	0.0010583
-88.166	-0.3891	11.62	0.4222	-0.191	0.0012162
-82.761	-0.5354	8.988	-0.0571	-0.19	0.0008464
-83.284	-0.2165	12.621	-0.1705	-0.19	0.0010033
-84.35	-0.4379	10.337	-0.3115	-0.189	0.0010009
-83.285	0.4426	9.274	0.7315	-0.188	0.0009492
-86.657	0.1751	13.126	-0.1382	-0.188	0.0010684
-87.121	-0.7543	11.848	-0.2489	-0.183	0.0011988
-85.977	0.2602	10.646	-0.9499	-0.18	0.0009084
-82.118	0.2888	10.955	-0.2687	-0.179	0.001076
-84.36	0.6454	9.378	0.2271	-0.179	0.0010013
-85.588	0.0247	12.092	-0.4352	-0.178	0.0010864
-88.528	0.4863	10.018	-0.1055	-0.177	0.00119
-88.57	0.1006	11.28	0.0977	-0.177	0.0008801
-86.942	0.7774	10.828	-0.0493	-0.176	0.0007933
-84.991	-0.1151	8.921	-0.5007	-0.176	0.0009656
-85.792	0.124	10.539	0.5577	-0.175	0.0011229
-85.85	-0.5634	10.348	-0.2141	-0.174	0.0010641
-88.185	0.3292	11.719	-0.2469	-0.174	0.0008672
-85.643	0.0645	12.003	-0.7187	-0.173	0.0010277
-85.91	0.8467	9.412	-0.0658	-0.172	0.0008598
-87.926	0.4937	9.85	-0.4392	-0.172	0.0009652
-85.417	-0.5266	10.587	-0.6078	-0.171	0.0012152
-84.228	0.2264	10.737	0.2315	-0.17	0.000916
-86.43	0.0088	13.272	0.5443	-0.169	0.0010582
-88.582	0.4204	11.006	-0.1746	-0.166	0.0011348
-88.586	-0.3954	12.069	-0.2677	-0.165	0.0009788
-86.82	-0.158	12.153	-0.0661	-0.165	0.0011812
-86.718	-0.1595	10.535	-0.0729	-0.165	0.0012293
-84.635	0.6451	9.373	0.4487	-0.163	0.0010028
-82.385	-0.0817	9.516	-0.0713	-0.163	0.0008509
-82.41	-0.2275	11.194	0.2863	-0.162	0.0010293
-83.277	0.3948	11.028	0.6134	-0.162	0.0011749
-86.325	-0.1401	7.261	0.3892	-0.161	0.0009021
-86.778	0.587	9.106	-0.3748	-0.161	0.0011092
-86.595	0.1109	10.249	1.0112	-0.161	0.0012568
-85.957	0.5603	11.614	-0.5938	-0.159	0.0011824
-85.752	-0.2934	9.223	0.8278	-0.159	0.0010823
-86.989	0.1338	9.789	-0.5366	-0.158	0.0011555
-81.516	0.0301	8.446	-0.1346	-0.157	0.0008689
-83.319	0.3232	8.447	0.5638	-0.157	0.0010327
-89.527	-0.2667	12.805	-0.134	-0.156	0.0012708
-83.396	-0.3586	11.027	-0.4619	-0.155	0.0009433
-85.031	-0.378	9.19	0.0868	-0.155	0.0009138
-83.359	0.3294	9.227	0.7134	-0.153	0.0010196
-86.343	0.6349	9.985	-0.3132	-0.152	0.0011847
-85.932	-0.255	9.669	0.8436	-0.152	0.0009792
-88.409	-0.1659	11.297	0.0741	-0.152	0.000989
-86.447	0.5451	10.607	-0.2522	-0.15	0.0012017
-86.947	0.0793	9.078	-0.9189	-0.15	0.0010907
-86.376	-0.2837	9.459	0.258	-0.149	0.0012779
-85.083	-0.2575	6.831	0.2123	-0.148	0.0008727
-87.059	-0.0995	7.52	-0.1292	-0.147	0.0011106
-83.799	0.2221	7.128	-0.145	-0.146	0.0011572
-84.949	0.794	11.246	0.0789	-0.146	0.001019
-84.191	0.6787	10.308	0.2577	-0.146	0.0012233
-82.815	0.47	11.092	-0.3837	-0.145	0.0008625
-82.947	0.6654	10.843	0.2604	-0.143	0.0010343
-84.545	0.5882	9.932	-0.0323	-0.143	0.0010475
-85.673	0.2898	8.275	-0.3795	-0.143	0.0010568
-88.366	-0.0178	9.664	0.5164	-0.142	0.000969
-83.395	0.0542	7.327	-0.3246	-0.142	0.0010305
-84.011	-0.1509	8.749	0.7726	-0.142	0.000869
-85.541	0.4357	9.479	0.0603	-0.141	0.0011657
-88.899	-0.1357	11.306	0.6199	-0.141	0.0012589
-82.669	-0.4371	8.812	0.2099	-0.141	0.0010544
-85.839	-0.353	7.534	-0.6279	-0.14	0.0009059
-85.965	0.3431	10.574	-0.3329	-0.139	0.0012386
-87.771	0.1287	11.942	0.8071	-0.139	0.0011628
-89.643	0.371	9.167	0.0465	-0.139	0.0012032
-88.563	-0.7124	10.968	0.2298	-0.137	0.0011602
-87.842	0.2267	7.361	-0.1991	-0.135	0.0010436
-87.63	0.2538	8.039	-0.0459	-0.135	0.0011132
-86.464	-0.245	10.764	0.435	-0.135	0.0010357
-84.107	-0.2463	10.191	0.189	-0.135	0.0009461
-85.144	0.4768	11.361	0.1024	-0.134	0.0010315
-87.882	0.211	8.971	0.0729	-0.133	0.0008697
-85.827	0.3148	10.234	0.1479	-0.133	0.0010962
-82.275	0.0759	8.819	-0.3147	-0.132	0.0008931
-85.426	-0.0738	9.427	0.1724	-0.131	0.0009716
-83.837	-0.0847	10.173	-0.3964	-0.131	0.0008568
-84.861	0.2985	12.066	-0.2867	-0.13	0.0010368
-85.479	0.1157	11.796	0.2874	-0.13	0.000868
-84.365	-0.4278	10.542	0.2462	-0.129	0.0012188
-85.085	-0.1656	10.927	-0.4062	-0.128	0.0012272
-88.902	-0.0594	10.623	0.6244	-0.128	0.0011978
-82.837	-0.1558	10.466	0.371	-0.128	0.0009247
-86.982	-0.3987	9.941	-0.4552	-0.127	0.0011243
-88.066	0.2299	9.014	0.0721	-0.126	0.0009878
-85.889	0.6821	8.316	0.3264	-0.126	0.0010315
-88.531	0.2279	8.253	-0.3236	-0.126	0.0011433
-86.571	-0.2874	9.731	-0.4037	-0.125	0.0011067
-82.285	0.1386	12.026	0.4242	-0.124	0.0008443
-89.605	-0.3248	10.711	-0.1155	-0.123	0.0012488
-84.088	0.3254	7.188	-0.4591	-0.122	0.001149
-87.828	-0.4287	9.731	-0.5915	-0.122	0.0009711
-86.131	0.2458	8.226	0.7921	-0.122	0.0009932
-88.178	-0.2476	7.972	-0.3303	-0.121	0.0010709
-86.61	-0.2319	13.626	0.3559	-0.121	0.001118
-84.035	0.4402	11.298	0.0394	-0.121	0.0008984
-81.843	-0.2087	8.282	-0.3693	-0.121	0.0009229
-85.629	0.4029	9.688	-0.5107	-0.12	0.0009657
-84.443	-0.1031	6.832	-0.1848	-0.119	0.0012571
-87.275	0.5133	8.859	-0.4628	-0.118	0.0008933
-85.354	0.0568	7.499	0.5794	-0.117	0.001096
-87.399	-0.6656	10.085	0.2315	-0.117	0.0012328
-86.955	0.6074	9.846	-0.4519	-0.117	0.001192
-86.644	-0.7081	10.587	-0.5556	-0.117	0.0012221
-85.115	-0.4013	11.239	-0.0015	-0.116	0.00115
-88.127	0.2838	8.87	-0.5566	-0.116	0.0009076
-89.301	-0.2579	10.05	0.2493	-0.116	0.0011556
-83.195	-0.5799	10.437	-0.4119	-0.115	0.0011193
-82.609	0.0948	11.839	-0.4314	-0.114	0.0008582
-83.65	0.5221	10.196	-0.4537	-0.113	0.00111
-84.654	-0.5712	8.224	0.2162	-0.113	0.0012769
-83.92	-0.2795	9.029	-0.032	-0.112	0.0011839
-84.695	-0.3923	7.306	0.3727	-0.112	0.0011047
-88.34	-0.1955	11.108	-0.0617	-0.112	0.0009994
-88.387	-0.3672	9.813	0.4137	-0.109	0.0010606
-89.26	0.385	9.519	-0.0854	-0.109	0.0011321
-86.592	0.3609	9.323	0.1431	-0.108	0.0010532
-88.152	0.4494	11.381	0.4905	-0.107	0.001021
-88.461	0.025	10.148	0.886	-0.107	0.0010159
-85.713	0.3955	10.856	0.843	-0.106	0.001118
-85.568	0.1489	12.207	-0.3979	-0.106	0.0010359
-87.672	0.1275	9.913	0.8015	-0.105	0.0010028
-87.586	-0.1712	8.297	-0.5758	-0.105	0.0009134
-87.175	-0.2909	11.504	-0.4717	-0.103	0.0011848
-83.942	0.0108	11.359	0.5456	-0.102	0.0009995
-85.856	0.0023	8.514	-0.1593	-0.1	0.0010527
-86.214	-0.5056	8.939	-0.436	-0.098	0.0011558
-87.802	0.1818	11.825	0.6742	-0.098	0.0010189
-84.878	0.1455	9.937	-0.5085	-0.097	0.0010758
-83.061	-0.1563	9.026	0.353	-0.097	0.0008136
-87.483	0.4304	10.799	-0.2551	-0.096	0.001088
-84.744	-0.0457	10.219	-0.7021	-0.095	0.0008153
-86.954	0.3517	10.814	0.7406	-0.094	0.0009204
-89.916	-0.0469	10.577	0.0421	-0.094	0.0008872
-82.817	0.233	8.398	0.1921	-0.094	0.0009522
-83.758	-0.2489	9.068	0.4761	-0.094	0.0010344
-86.735	-0.0099	7.653	-0.5013	-0.093	0.0012221
-86.42	0.0625	10.731	-0.2761	-0.092	0.0011638
-86.246	-0.3487	12.086	0.356	-0.091	0.0009627
-85.401	0.2164	10.087	0.7759	-0.091	0.0009194
-87.303	0.6799	11.289	0.38	-0.09	0.0008722
-85.994	-0.5444	7.568	-0.4314	-0.089	0.0011654
-85.163	-0.3955	7.342	0.5161	-0.088	0.0011601
-82.291	-0.2079	10.552	-0.3023	-0.088	0.0009471
-85.58	0.6364	7.624	0.1714	-0.087	0.0009334
-83.867	-0.0625	10.505	-0.7524	-0.087	0.0010801
-84.924	-0.2378	9.612	-0.2234	-0.087	0.0011403
-85.216	0.669	10.836	-0.2148	-0.085	0.0011562
-84.755	0.7429	11.944	-0.0424	-0.084	0.0009043
-81.82	-0.0886	11.034	0.0467	-0.084	0.0009531
-84.277	-0.4478	8.869	-0.7086	-0.083	0.0009544
-85.775	0.0833	7.954	0.8038	-0.083	0.0011343
-84.893	0.1046	11.799	-0.5961	-0.081	0.0010519
-88.774	-0.5457	9.041	-0.3188	-0.08	0.0011647
-84.01	0.5684	10.323	0.0233	-0.08	0.0011598
-87.357	-0.3394	11.311	0.0653	-0.08	0.0009747
-86.984	0.1345	12.378	-0.0797	-0.079	0.0009552
-83.818	-0.397	7.493	-0.0833	-0.076	0.0009869
-84.739	0.4761	9.918	-0.1963	-0.076	0.0011022
-84.462	-0.1495	10.059	-0.7303	-0.075	0.0011938
-83.924	-0.0616	7.735	-0.4406	-0.075	0.0012243
-85.025	-0.0154	8.444	-0.2196	-0.075	0.0011932
-83.843	-0.3622	13.453	-0.0941	-0.074	0.0007835
-85.836	0.5412	7.921	-0.3169	-0.074	0.0009853
-86.312	-0.2306	9.36	-0.7623	-0.072	0.0011994
-85.285	-0.0224	10.981	1.0156	-0.071	0.0011194
-84.855	-0.7268	11.8	0.0554	-0.071	0.0010411
-83.68	0.3247	11.843	-0.2026	-0.068	0.0008162
-83.267	0.4678	8.214	-0.4918	-0.067	0.0010061
-85.08	0.1788	7.891	-0.7719	-0.066	0.0009703
-87.216	0.0547	10.862	-0.617	-0.066	0.0009287
-88.637	0.2281	8.746	-0.2275	-0.066	0.0011492
-85.782	0.289	8.657	0.6432	-0.065	0.0011142
-87.821	0.1177	12.336	0.4289	-0.065	0.0011212
-84.826	-0.3864	7.622	0.3384	-0.064	0.0011336
-85.421	0.1104	8.887	-0.4602	-0.064	0.0009551
-84.349	0.6208	8.919	-0.1961	-0.064	0.0010039
-82.994	0.1183	9.916	0.2892	-0.063	0.0011173
-82.258	-0.4068	9.042	0.3148	-0.063	0.0011388
-82.376	0.1766	10.469	0.4913	-0.061	0.0009595
-81.841	-0.2024	10.786	0.0858	-0.06	0.0009925
-85.341	-0.4974	10.095	0.744	-0.059	0.0010359
-85.044	0.0879	10.153	-0.835	-0.059	0.0010278
-82.315	-0.0783	10.118	-0.0557	-0.059	0.0009041
-84.912	-0.0183	12.596	-0.5386	-0.058	0.0011151
-86.841	-0.264	10.597	0.371	-0.057	0.0011272
-85.648	0.5225	10.51	-0.519	-0.055	0.0011208
-89.525	-0.1335	9.815	-0.0291	-0.055	0.0009567
-86.055	-0.4768	9.068	-0.436	-0.055	0.0009887
-85.325	-0.7212	9.153	-0.1173	-0.054	0.0012
-86.457	-0.0664	8.034	0.0888	-0.053	0.0011978
-84.152	0.2188	7.431	0.2104	-0.053	0.0012439
-89.739	-0.0171	12.739	-0.3298	-0.052	0.001221
-87.553	0.6408	9.301	0.5135	-0.051	0.0011987
-81.224	-0.0483	11.969	-0.0939	-0.049	0.0008634
-87.344	0.5831	8.288	0.4173	-0.049	0.0011967
-86.15	0.2471	6.576	-0.5072	-0.047	0.0011788
-88.363	-0.6123	11.164	0.0225	-0.047	0.0010099
-84.537	-0.2079	8.807	0.6186	-0.043	0.0009097
-83.05	-0.0984	7.755	-0.3591	-0.043	0.0008082
-83.227	0.1044	9.506	-0.2519	-0.043	0.0010559
-87.726	-0.2357	11.715	0.2794	-0.042	0.0010572
-83.743	-0.2944	10.252	0.0968	-0.042	0.0010102
-85.499	-0.2039	10.957	-0.8725	-0.042	0.0011237
-88.05	-0.0389	9.606	-0.7594	-0.042	0.0011531
-83.994	0.108	9.885	0.2274	-0.041	0.0008909
-87.934	0.3809	7.138	-0.1497	-0.04	0.0009289
-85.99	-0.3295	12.29	-0.2854	-0.04	0.0011273
-86.097	0.1296	12.167	0.3914	-0.038	0.0008832
-81.971	0.1554	9.047	0.4867	-0.038	0.0010535
-83.019	-0.007	10.482	0.1548	-0.038	0.0009948
-86.684	-0.365	8.902	0.0445	-0.038	0.0010431
-85.223	-0.218	9.332	-0.7778	-0.037	0.0009171
-86.767	-0.2183	8.444	0.1966	-0.035	0.0009081
-83.305	-0.1813	10.465	0.2714	-0.034	0.001191
-84.712	-0.4672	10.762	0.1523	-0.034	0.0009655
-87.676	-0.3336	11.966	0.1425	-0.034	0.0011735
-86.866	0.5583	12.695	0.3178	-0.034	0.0009124
-86.084	-0.0401	10.499	-0.8214	-0.033	0.0011483
-82.054	-0.2777	9.346	-0.3721	-0.033	0.0010796
-87.69	-0.3461	10.843	-0.6081	-0.033	0.0008958
-85.897	0.4584	10.069	-0.1906	-0.032	0.0009333
-89.433	0.1939	8.325	-0.1103	-0.031	0.0010957
-83.318	-0.4044	13.315	-0.0725	-0.029	0.0008662
-85.768	-0.1694	11.719	-0.1966	-0.028	0.0012839
-87.734	0.6123	8.638	-0.0965	-0.027	0.0010892
-85.43	0.0128	12.636	-0.0803	-0.026	0.0008271
-85.667	0.1544	6.564	0.1612	-0.026	0.0008819
-84.762	0.1959	10.825	-0.5791	-0.025	0.0009147
-86.522	0.6403	10.747	-0.2564	-0.025	0.0008206
-84.517	-0.0132	7.664	0.1037	-0.025	0.0011742
-85.92	0.3537	9.792	0.809	-0.023	0.0009802
-85.716	-0.2244	7.992	0.0383	-0.023	0.001195
-83.84	-0.0759	7.86	0.6021	-0.023	0.0008775
-82.098	0.3807	10.427	0.4139	-0.022	0.0009601
-85.485	-0.3236	12.94	-0.3639	-0.022	0.0011186
-88.314	0.5078	10.157	0.1851	-0.022	0.0008373
-81.902	-0.1535	9.229	0.5306	-0.021	0.0009943
-87.008	-0.6117	8.118	-0.3543	-0.021	0.0011465
-85.35	0.1682	11.983	0.3506	-0.02	0.0011082
-83.992	0.662	9.966	-0.3248	-0.02	0.000967
-87.878	-0.7081	10.598	-0.22	-0.02	0.0010106
-86.084	0.1387	11.766	-0.1573	-0.018	0.0010047
-83.394	0.0773	11.28	0.1377	-0.018	0.0010279
-83.708	-0.0242	8.622	0.7371	-0.018	0.0008412
-84.233	-0.5685	9.664	0.3315	-0.017	0.0008645
-85.048	0.639	9.422	0.4607	-0.017	0.0008105
-85.335	-0.5605	10.803	0.2284	-0.016	0.0009479
-86.419	0.4904	8.392	0.147	-0.016	0.0011113
-81.356	-0.3164	9.659	-0.3666	-0.016	0.0008881
-84.738	0.4016	11.685	-0.4314	-0.015	0.001115
-85.391	-0.2337	6.289	0.0771	-0.013	0.0009904
-84.987	-0.1699	10.886	0.1787	-0.013	0.0012342
-86.018	0.2127	10.144	0.5093	-0.01	0.0009645
-86.439	0.3542	9.328	-0.5261	-0.01	0.0010541
-85.767	-0.4194	8.468	0.5781	-0.009	0.0009076
-86.054	-0.7832	9.73	0.1911	-0.009	0.0010434
-86.418	-0.4498	10.734	0.114	-0.008	0.0010001
-85.246	0.2882	10.881	-0.8486	-0.005	0.0008851
-84.131	-0.4689	12.422	-0.3796	-0.005	0.0008862
-84.375	0.1467	10.294	-0.0048	-0.005	0.000892
-85.059	-0.3731	12.68	-0.0342	-0.003	0.0010752
-83.737	0.194	11.473	-0.0935	-0.003	0.0010798
-89.138	0.0749	8.171	-0.1297	-0.003	0.0009405
-86.017	-0.3987	10.759	0.1644	0.001	0.0009684
-87.324	0.3498	10.015	-0.2502	0.001	0.0011414
-87.438	-0.0146	8.648	-0.8195	0.001	0.0011884
-84.083	0.4316	10.058	0.5916	0.001	0.0010883
-88.232	-0.1242	10.289	-0.4295	0.003	0.0012314
-86.074	0.0943	9.835	-0.1827	0.003	0.0009755
-84.134	0.5529	11.059	0.5087	0.005	0.0009676
-88.259	0.6247	9.046	-0.3625	0.005	0.0009267
-80.827	-0.2431	9.15	-0.441	0.008	0.0008628
-84.805	0.3844	11.958	-0.7519	0.009	0.0009091
-84.287	-0.0259	11.608	-0.377	0.01	0.0011743
-86.328	0.2413	12.442	-0.2334	0.01	0.0012848
-86.866	-0.4245	9.298	-0.0772	0.011	0.0011485
-87.387	-0.1492	7.828	-0.4974	0.011	0.001163
-89.21	-0.251	10.558	-0.0725	0.011	0.0010813
-87.41	-0.2375	9.171	0.1871	0.013	0.0011437
-87.825	-0.1409	10.195	0.2495	0.015	0.001025
-87.286	0.45	11.544	-0.392	0.016	0.0009417
-87.433	0.4589	8.343	0.0848	0.016	0.0011973
-85.557	-0.0713	11.775	-0.5444	0.016	0.0011755
-86.33	-0.0211	10.109	0.0794	0.017	0.0011104
-82.132	0.435	9.334	-0.3954	0.018	0.0009235
-86.362	-0.2364	8.769	-0.1613	0.018	0.0010834
-88.677	-0.2071	9.756	-0.3896	0.02	0.0008186
-86.499	-0.0026	8.663	0.5218	0.02	0.0010057
-84.837	-0.2344	12.32	-0.3403	0.021	0.001237
-87.318	0.0096	10.158	0.0557	0.021	0.0010219
-87.032	0.4287	8.865	-0.4729	0.021	0.0009425
-87.447	-0.0667	11.854	-0.0089	0.021	0.0008686
-87.957	-0.503	7.937	0.3114	0.021	0.0010583
-85.543	-0.224	9.906	-0.511	0.022	0.0012301
-83.585	0.1437	10.38	-0.2463	0.023	0.0012685
-84.095	0.7268	11.104	-0.2158	0.025	0.0009291
-86.873	-0.0827	11.929	0.7263	0.027	0.0011588
-83.983	-0.0996	9.13	0.0586	0.028	0.0010309
-86.64	0.4948	11.869	0.2933	0.029	0.0009363
-85.584	-0.271	11.538	0.8434	0.032	0.0010942
-81.511	-0.186	9.922	-0.0533	0.032	0.0009947
-86.845	-0.518	10.25	-0.0429	0.033	0.0010382
-85.89	-0.0273	10.275	-0.2803	0.035	0.001145
-88.307	0.3212	10.773	-0.2095	0.035	0.0011197
-84.4	-0.2089	12.419	0.2026	0.035	0.0009373
-90.105	-0.18	9.447	-0.381	0.036	0.0012923
-84.203	-0.4308	10.478	0.0819	0.036	0.0009666
-90.13	0.1787	7.987	-0.2931	0.037	0.001102
-84.709	-0.1406	11.086	-0.424	0.04	0.0010239
-85.41	0.3269	11.962	-0.3637	0.04	0.001117
-82.145	0.1591	11.803	-0.5376	0.042	0.0009425
-85.65	-0.0246	11.088	-0.0275	0.043	0.0009526
-86.715	0.4844	12.036	-0.1867	0.044	0.000909
-87.277	0.5476	9.942	-0.6659	0.045	0.0011203
-87.862	0.118	11.733	0.203	0.045	0.0009226
-87.892	0.5791	9.747	0.3312	0.045	0.0009802
-87.095	-0.3165	11.042	-0.2536	0.047	0.0012723
-84.314	-0.17	11.15	0.4435	0.048	0.0010355
-88.17	0.2334	8.624	-0.1	0.049	0.0009889
-86.057	0.2334	7.651	-0.19	0.053	0.0009002
-86.866	0.2617	11.875	-0.3651	0.054	0.0010556
-88.045	0.2696	9.102	0.3518	0.055	0.0011248
-88.097	0.6201	9.497	-0.143	0.055	0.0011707
-88.171	0.3528	8.761	0.5186	0.057	0.0010281
-83.706	0.471	9.237	-0.395	0.058	0.0009774
-84.371	0.1502	9.218	0.0485	0.058	0.000944
-83.031	-0.479	7.38	0.1989	0.061	0.0009947
-86.422	0.2608	11.242	0.5605	0.061	0.0009431
-87.63	-0.6914	10.716	-0.3181	0.062	0.0009316
-84.77	-0.0812	6.781	-0.0557	0.062	0.0011647
-86.327	-0.3905	9.879	-0.3399	0.062	0.0009148
-87.918	0.65	8.445	0.1369	0.062	0.000975
-83.362	-0.4653	10.28	-0.5781	0.065	0.0010666
-86.104	0.7119	10.593	-0.4875	0.065	0.001088
-85.231	-0.0588	9.142	0.9253	0.066	0.0008249
-88.346	-0.2287	6.958	-0.0709	0.066	0.0009935
-84.947	-0.1946	11.694	0.5847	0.067	0.000959
-88.074	-0.6335	8.216	0.5127	0.068	0.0012288
-85.007	0.5973	10.69	0.0915	0.068	0.000856
-86.983	0.2336	12.123	-0.3272	0.069	0.0008083
-85.584	-0.7493	9.386	0.0818	0.071	0.0012803
-83.608	0.2854	11.605	-0.5678	0.071	0.0009287
-87.969	-0.0729	11.391	-0.1093	0.072	0.0011759
-86.924	-0.473	13.096	-0.3733	0.074	0.0011702
-87.271	0.0711	12.763	-0.2741	0.074	0.0011257
-89.35	0.0907	11.017	-0.1953	0.075	0.0009314
-84.735	0.7533	8.693	-0.2393	0.075	0.0009252
-87.59	-0.0592	10.278	-0.5134	0.077	0.0010864
-86.264	-0.314	7.906	-0.5256	0.077	0.0010815
-83.175	0.5371	9.099	-0.372	0.079	0.0009492
-86.861	0.5252	6.931	0.1271	0.079	0.0009732
-84.82	0.1441	10.475	0.0509	0.079	0.0010498
-88.006	0.1163	9.486	0.508	0.079	0.0009927
-82.103	0.2969	10.262	-0.4523	0.083	0.0011004
-89.791	0.1774	9.431	0.1895	0.083	0.0009696
-85.259	0.5593	9.951	0.4529	0.083	0.00098
-84.573	-0.2884	11.637	-0.0313	0.084	0.0009995
-85.91	-0.2775	8.879	0.3781	0.085	0.0007991
-82.775	-0.0738	11.838	0.2745	0.086	0.0010817
-87.652	-0.1645	11.03	-0.5629	0.089	0.0010009
-86.16	0.0107	7.843	-0.3154	0.09	0.0010418
-86.166	-0.0112	8.894	-0.4714	0.09	0.0012073
-85.948	-0.4944	7.29	-0.0386	0.091	0.0012137
-85.963	-0.2112	7.305	0.0227	0.091	0.0010469
-87.056	0.2868	9.951	0.7912	0.093	0.0010959
-83.642	-0.0373	8.168	-0.7656	0.095	0.0011303
-85.189	0.4418	10.467	0.7444	0.096	0.0012529
-87.052	-0.1763	10.259	0.026	0.097	0.0008413
-82.86	-0.3628	8.429	0.0955	0.097	0.0008521
-87.384	-0.4452	11.37	-0.461	0.098	0.0008306
-85.981	-0.2734	6.969	0.3563	0.1	0.0009495
-83.408	-0.0063	8.41	0.6899	0.101	0.0010299
-88.892	-0.3499	12.059	-0.0714	0.102	0.001093
-85.677	0.1065	7.301	0.3951	0.103	0.0010257
-88.354	-0.2514	10.329	-0.329	0.104	0.0011742
-85.603	0.3773	7.776	0.314	0.105	0.0009087
-84.969	-0.1705	12.009	-0.0017	0.105	0.0009728
-82.389	0.0458	11.279	-0.3828	0.105	0.0008346
-88.823	0.0993	7.557	0.1517	0.105	0.0011172
-87.949	0.3766	9.284	0.2158	0.105	0.0011987
-83.687	-0.6779	9.801	-0.4805	0.105	0.0011044
-84.76	-0.0817	10.221	-0.645	0.106	0.001136
-84.866	0.2332	8.145	0.0566	0.108	0.0009359
-83.361	-0.0428	9.68	0.8104	0.11	0.000939
-87.858	-0.2729	8.832	-0.0052	0.112	0.0008745
-84.307	0.1506	7.855	0.042	0.113	0.0011016
-86.538	0.1333	10.201	0.0024	0.114	0.0010833
-85.88	0.0205	10.364	0.8287	0.115	0.0010068
-89.248	-0.6194	9.002	-0.0202	0.116	0.0012056
-85.421	-0.1905	9.39	-0.206	0.116	0.0011678
-85.509	0.155	8.991	-0.4884	0.117	0.000915
-87.971	0.211	8.744	0.2097	0.118	0.0009363
-86.351	0.2993	11.016	-0.7428	0.119	0.0009597
-87.854	-0.1837	12.442	0.5338	0.119	0.0009545
-88.566	0.1581	9.652	-0.4122	0.12	0.0010314
-85.475	-0.6243	7.625	0.2389	0.121	0.0011059
-87.171	0.3792	10.105	-0.9752	0.121	0.00123
-87.505	-0.7067	9.805	-0.4852	0.122	0.0012069
-86.444	0.2038	7.349	0.5761	0.122	0.0011075
-84.67	-0.2227	10.256	-0.6638	0.123	0.001036
-88.49	-0.1688	9.264	-0.6821	0.124	0.0012147
-84.001	0.288	10.685	0.4317	0.124	0.001163
-86.665	0.1904	6.772	0.1562	0.125	0.0012536
-82.026	0.0445	8.386	-0.2611	0.125	0.001073
-82.466	-0.026	10.727	-0.1638	0.126	0.000964
-81.987	0.4219	7.916	0.101	0.126	0.0007916
-82.018	-0.4485	9.579	-0.6793	0.127	0.0008692
-89.196	-0.268	10.33	-0.1683	0.13	0.0010144
-85.562	0.3847	7.791	0.544	0.13	0.0009089
-85.612	-0.0755	7.223	0.1072	0.133	0.0011402
-88.151	0.5767	11.496	-0.405	0.134	0.0010674
-83.119	0.5811	11.512	0.2222	0.134	0.0010236
-83.343	0.1264	10.644	0.6257	0.134	0.0010112
-86.154	-0.2132	9.479	0.3423	0.138	0.0012497
-83.168	0.027	12.048	-0.6445	0.138	0.0009162
-82.097	0.0178	9.766	0.2017	0.14	0.0009635
-86.344	0.233	10.02	-0.6339	0.14	0.0010734
-88.589	0.3963	10.536	0.4441	0.142	0.0010376
-84.288	-0.755	10.145	0.2823	0.142	0.0010083
-86.264	0.2701	8.625	-0.7245	0.143	0.0010267
-87.293	-0.3914	9.949	0.6954	0.145	0.0009072
-83.504	-0.1343	10.315	-0.3392	0.145	0.0010953
-89.794	-0.093	9.456	0.5005	0.146	0.0010505
-86.42	0.3759	9.118	0.0476	0.147	0.0010058
-88.251	0.409	11.164	-0.2041	0.147	0.0011033
-88.16	-0.0719	9.323	0.7822	0.149	0.0012931
-89.103	0.1637	11.729	0.5583	0.149	0.0010441
-89.991	-0.0177	9.552	-0.1841	0.149	0.0011828
-82.487	-0.4655	10.823	-0.736	0.15	0.0008316
-86.597	-0.6018	10.105	-0.3718	0.151	0.0012045
-82.049	-0.1997	10.841	-0.1714	0.152	0.0009573
-84.088	-0.7033	8.835	-0.3239	0.152	0.0009769
-84.603	-0.6827	9.794	-0.4615	0.152	0.0008881
-84.83	-0.0877	9.561	-0.3293	0.154	0.0008306
-88.533	0.0034	9.027	0.4869	0.154	0.0010212
-88.421	-0.1379	11.787	0.0529	0.155	0.0012519
-88.751	-0.1909	11.333	-0.1692	0.156	0.0010891
-85.539	0.6546	8.963	-0.0109	0.157	0.0008242
-88.548	0.1946	8.231	0.537	0.157	0.0010639
-82.806	0.2713	10.962	-0.0714	0.158	0.0010317
-83.365	-0.3021	10.214	0.0052	0.158	0.0010576
-86.966	-0.6272	11.042	0.0852	0.159	0.0010487
-85.61	-0.2812	6.71	0.4736	0.159	0.0010514
-87.148	0.5611	9.617	0.3379	0.159	0.0009411
-85.489	0.0481	9.751	0.2541	0.16	0.0012254
-83.491	-0.4501	10.396	0.6664	0.16	0.0009955
-87.528	0.2593	8.245	-0.2978	0.16	0.0008958
-90.871	-0.015	8.333	0.1261	0.16	0.001302
-84.099	-0.4371	11.469	-0.1992	0.161	0.0011368
-84.262	-0.4703	9.287	0.6393	0.162	0.0011981
-85.15	0.4467	11.639	0.6687	0.162	0.0011342
-85.876	-0.8217	11.38	-0.0149	0.162	0.0012122
-88.6	-0.1802	7.447	0.0731	0.162	0.0009042
-83.705	0.1147	9.666	-0.2825	0.162	0.0012597
-86.786	0.2143	8.864	-0.0326	0.164	0.0012947
-85.772	-0.2729	11.609	0.2671	0.164	0.0010831
-89.407	0.2021	9.943	-0.5895	0.165	0.0009852
-87.575	-0.2191	9.491	-0.0073	0.165	0.0011586
-85.311	-0.1069	12.743	-0.6513	0.167	0.0010556
-86.772	-0.038	12.287	-0.8488	0.167	0.0012667
-83.048	-0.038	9.82	-0.1241	0.167	0.0009127
-86.058	0.4283	9.452	0.1433	0.168	0.0009731
-83.483	-0.0212	11.526	-0.4794	0.168	0.0008568
-83.072	-0.2001	9.1	0.5531	0.168	0.0009728
-86.801	0.1323	7.051	0.4119	0.168	0.000987
-87.927	-0.3304	11.12	0.7603	0.169	0.0010721
-83.013	0.2717	9.125	0.3492	0.169	0.0008516
-87.489	-0.0073	8.789	-0.4745	0.17	0.0010127
-84.97	0.2397	9.86	0.2587	0.17	0.0010788
-86.095	-0.0876	10.244	0.4115	0.171	0.0009551
-87.762	0.1762	11.573	0.0847	0.173	0.0010368
-85.648	-0.1086	12.378	-0.0994	0.175	0.0010285
-84.266	0.5109	10.46	0.8649	0.176	0.000896
-84.137	0.1772	9.441	0.5683	0.176	0.0012763
-82.422	0.1053	8.211	0.1875	0.176	0.0008464
-85.838	-0.6217	8.417	0.3454	0.176	0.0011934
-85.978	0.3775	9.358	-0.779	0.177	0.001208
-86.14	-0.292	11.362	-0.1105	0.178	0.000989
-82.303	-0.0352	12.683	-0.0331	0.178	0.0009182
-84.933	0.3597	9.906	0.8703	0.178	0.0009161
-84.904	0.1495	13.544	0.4532	0.179	0.0010296
-83.771	-0.0137	8.919	0.6341	0.179	0.0008676
-85.094	-0.3785	8.114	0.1184	0.183	0.0009737
-88.064	-0.0098	8.828	-0.3887	0.183	0.000911
-83.141	0.2621	11.901	-0.2342	0.185	0.0010214
-88.53	0.204	7.484	0.4265	0.186	0.0012072
-84.778	0.2393	9.142	0.3066	0.187	0.0011158
-82.969	0.1864	10.537	0.3586	0.187	0.0009891
-85.204	0.4962	9.25	-0.5111	0.188	0.0012649
-83.02	-0.1539	10.438	-0.1924	0.189	0.000884
-89.95	0.2472	9.484	-0.0063	0.19	0.0012354
-86.124	0.3244	9.56	0.6919	0.19	0.0010268
-85.427	0.5414	9.898	0.5621	0.19	0.0009393
-89.174	0.2455	12.265	0.3704	0.191	0.0010852
-85.077	-0.28	7.519	0.0209	0.193	0.0009733
-88.627	0.0741	9.721	0.2666	0.193	0.0009659
-86.85	0.0309	6.952	-0.2524	0.195	0.000915
-85.293	-0.5339	10.018	0.1772	0.195	0.000831
-86.955	-0.5255	7.196	0.3786	0.197	0.0010871
-85.81	-0.1168	11.398	0.0567	0.197	0.0012605
-86.931	-0.2428	8.977	-0.8764	0.199	0.0012519
-84.427	-0.6549	7.87	-0.0534	0.2	0.0008758
-88.048	-0.0217	11.991	-0.2946	0.201	0.0011434
-87.053	0.4511	8.255	0.2948	0.202	0.0011351
-84.115	-0.7706	8.778	-0.0627	0.203	0.0010806
-87.366	0.0558	7.87	-0.7517	0.203	0.0010829
-83.474	-0.1694	7.386	0.0138	0.204	0.0011941
-84.023	-0.1881	12.281	-0.2975	0.204	0.000945
-85.38	-0.1908	10.976	-0.4853	0.205	0.0011441
-84.827	0.3394	12.469	0.738	0.205	0.0009298
-83.735	-0.4307	11.514	-0.4817	0.205	0.0008168
-85.656	0.4681	9.525	-0.6362	0.206	0.0010164
-87.435	0.1686	11.896	-0.7653	0.206	0.0011233
-90.315	0.067	10.891	0.4801	0.206	0.0011514
-84.992	-0.2712	6.83	-0.2659	0.206	0.000984
-86.876	-0.4521	12.445	-0.4489	0.207	0.0009812
-85.101	0.1419	9.367	-0.5394	0.208	0.0010682
-87.358	0.2471	9.041	-0.6813	0.21	0.0008786
-84.357	0.042	11.296	0.2985	0.211	0.0009578
-83.858	-0.5067	10.375	-0.0121	0.212	0.0011805
-84.271	-0.1454	7.793	-0.2103	0.212	0.0011425
-85.545	0.0553	9.86	0.73	0.212	0.0011834
-84.551	0.189	9.692	0.5663	0.213	0.0010095
-87.402	-0.5413	12.141	-0.2721	0.213	0.0009691
-86.975	-0.6003	10.776	0.724	0.214	0.0010845
-87.013	-0.2117	10.963	0.4483	0.215	0.001127
-85.84	0.101	7.71	0.3934	0.215	0.0010449
-86.405	-0.063	10.626	-0.1609	0.216	0.0010998
-86.888	-0.3421	11.864	-0.4938	0.217	0.0011209
-84.125	-0.1534	12.426	0.6711	0.217	0.0010875
-86.539	0.0583	8.481	-0.5584	0.217	0.001015
-89.507	0.1083	10.63	0.0387	0.217	0.0011244
-84.889	0.3558	9.867	0.5226	0.218	0.0011298
-86.473	-0.2968	7.692	0.832	0.218	0.0010925
-89.623	-0.608	10.546	-0.0986	0.218	0.0011037
-82.263	0.3488	11.752	0.1758	0.22	0.0010177
-85.781	-0.4249	10.95	-0.2627	0.221	0.0010311
-83.806	-0.5186	9.397	-0.0731	0.221	0.0010092
-84.341	-0.5323	11.64	-0.0178	0.223	0.0010952
-85.093	-0.027	11.734	0.777	0.223	0.0009379
-87.102	0.2435	10.058	-0.6216	0.224	0.0009293
-87.375	-0.2214	10.898	-0.0756	0.225	0.0009691
-88.774	0.4162	10.817	0.6207	0.225	0.0010806
-88.429	-0.2964	9.23	-0.4208	0.225	0.0011717
-85.177	0.5157	10.084	0.0931	0.226	0.0011052
-82.059	0.1734	9.597	0.7644	0.227	0.0008271
-84.408	-0.4021	11.029	-0.3387	0.229	0.0012622
-85.61	-0.1239	9.102	0.5057	0.23	0.001079
-87.188	0.4647	10.047	0.4636	0.231	0.0012457
-89.727	0.5625	8.804	-0.0307	0.232	0.0012412
-83.884	0.0487	12.51	-0.3293	0.233	0.0010227
-81.989	0.0701	11.649	-0.3159	0.234	0.0009234
-87.555	0.1153	11.754	0.0646	0.234	0.0008827
-88.501	-0.1405	7.072	-0.0989	0.234	0.0011395
-87.882	-0.3842	9.313	0.5995	0.235	0.0010557
-84.19	-0.0478	7.181	0.4835	0.236	0.001138
-86.451	-0.243	10.094	-0.2976	0.237	0.0010384
-83.307	0.3432	9.874	0.2306	0.237	0.0011406
-85.153	0.2701	13.698	-0.2834	0.238	0.0008867
-84.586	0.0264	7.413	-0.1699	0.238	0.0009662
-82.275	-0.4076	9.874	-0.1118	0.238	0.0008905
-85.261	-0.2807	10.473	-0.0526	0.242	0.001225
-84.265	0.1738	7.468	0.0285	0.242	0.0010138
-85.033	0.0043	11.025	-0.0451	0.242	0.0011067
-83.362	-0.1796	8.266	-0.7944	0.244	0.0008364
-83.893	-0.3142	9.405	-0.3203	0.244	0.0009079
-89.928	-0.1892	10.428	0.3706	0.245	0.0010048
-81.775	0.2093	7.643	0.2139	0.245	0.0008843
-86.095	0.2995	7.485	-0.6938	0.246	0.0008665
-86.955	-0.0456	9.128	-0.4304	0.247	0.0012002
-86.733	0.0219	10.042	-0.0134	0.248	0.0009048
-83.616	-0.2541	10.041	0.659	0.251	0.0012505
-87.931	-0.1294	11.624	0.3041	0.251	0.0010217
-83.671	0.2306	12.089	0.0019	0.251	0.0010954
-86.358	-0.1044	10.15	0.147	0.252	0.0011836
-87.975	-0.5598	11.621	-0.2062	0.256	0.0012386
-85.985	0.5003	11.221	0.189	0.256	0.0011265
-84.536	0.2835	11.104	0.1521	0.257	0.0011282
-83.114	-0.0849	11.794	-0.6118	0.258	0.0009453
-86.318	-0.7617	9.962	0.5865	0.259	0.0011692
-86.704	0.5277	8.634	0.1687	0.26	0.001256
-83.998	-0.4547	12.251	0.1326	0.26	0.0010768
-88.754	-0.126	8.011	-0.5508	0.26	0.0011388
-84.598	-0.1106	10.09	0.0214	0.262	0.0010349
-84.95	-0.0853	10.253	-0.0541	0.262	0.0011949
-84.598	0.6083	7.58	-0.4562	0.263	0.000852
-84.898	-0.3254	9.255	0.6372	0.263	0.0011731
-85.256	0.1609	13.44	0.2534	0.263	0.0008079
-82.953	0.2683	9.586	-0.5545	0.264	0.0008852
-86.088	-0.1547	11.637	-0.0096	0.264	0.0010225
-83.644	0.3398	9.443	0.0928	0.264	0.0012559
-85.14	-0.2681	12.155	0.0452	0.266	0.0010013
-85.523	0.6808	9.307	-0.582	0.268	0.0009627
-85.257	-0.0323	10.64	-0.5897	0.268	0.0010822
-88.559	-0.3757	13.09	-0.0636	0.269	0.0011268
-84.892	-0.6872	9.911	-0.0212	0.269	0.0008932
-90.788	0.0195	9.669	0.5044	0.27	0.0012409
-84.574	0.046	9.755	0.4594	0.27	0.0010459
-82.823	-0.2662	12.118	0.6045	0.27	0.0007893
-84.276	-0.3265	8.529	0.1719	0.271	0.0008874
-88.295	-0.3307	7.799	-0.4039	0.271	0.0011815
-83.71	0.6998	10.929	0.0981	0.273	0.0009682
-82.198	0.1312	9.791	0.4125	0.273	0.0010048
-89.283	-0.4074	10.148	0.5134	0.273	0.001179
-88.649	-0.2803	9.377	0.4303	0.274	0.0009111
-84.922	-0.656	8.019	0.4654	0.275	0.0009819
-85.314	-0.3027	9.977	-0.7813	0.276	0.0010608
-86.771	0.388	9.221	0.0688	0.276	0.0011348
-87.955	-0.4895	10.896	-0.5626	0.276	0.0011478
-83.657	0.0464	9.708	0.4929	0.277	0.0011649
-87.305	-0.4932	9.302	-0.2304	0.277	0.0010396
-87.065	0.1272	8.311	0.1245	0.277	0.0010583
-83.098	-0.6343	10.026	0.2009	0.278	0.000939
-86.585	-0.5837	8.347	0.6548	0.279	0.0010472
-87.069	-0.6953	10.183	-0.2341	0.28	0.0011
-86.128	-0.2395	10.41	0.002	0.281	0.0010026
-84.514	-0.2662	11.532	-0.0061	0.281	0.001036
-86.77	0.1434	10.918	0.4617	0.281	0.0010793
-84.91	-0.4072	11.078	0.3431	0.282	0.0009006
-83.996	0.1363	11.605	0.6108	0.283	0.0012372
-86.678	-0.4295	7.343	0.084	0.286	0.001216
-84.333	-0.1872	10.037	-0.0988	0.287	0.0012005
-82.147	-0.0287	8.908	0.7125	0.287	0.0008888
-84.84	-0.4739	8.828	0.736	0.287	0.0008091
-87.17	-0.3363	10.825	-0.4028	0.288	0.000792
-89.274	0.245	8.098	0.1305	0.288	0.0012283
-83.592	0.0037	11.05	0.4014	0.289	0.0011115
-85.369	-0.4044	8.616	0.3467	0.291	0.0008977
-84.537	0.1852	10.648	-0.8439	0.293	0.0011781
-88.476	-0.1909	10.347	0.5219	0.295	0.0011522
-86.249	0.2845	9.582	-0.1651	0.295	0.0011212
-85.801	0.4819	12.488	-0.1897	0.298	0.0011064
-87.527	0.3163	10.55	0.2268	0.3	0.0010511
-85.034	-0.0417	11.15	-0.5783	0.305	0.0009608
-82.648	0.3325	10.087	0.0853	0.307	0.0009732
-85.644	0.113	9.395	1.0202	0.307	0.0011386
-88.037	-0.0635	9.473	0.0497	0.309	0.0008341
-88.087	0.5737	8.722	0.1449	0.311	0.0009129
-85.932	-0.0709	12.146	-0.7044	0.312	0.0010876
-86.906	-0.519	7.256	-0.1929	0.313	0.0008305
-88.356	0.1635	9.724	-0.3638	0.313	0.0009891
-85.949	0.0531	8.591	-0.1694	0.314	0.0010034
-87.371	-0.6132	8.792	0.5635	0.315	0.0012299
-85.114	-0.3612	11.752	0.0217	0.315	0.0012982
-87.633	-0.4412	11.284	-0.1936	0.317	0.0010809
-87.312	0.5069	11.247	-0.6189	0.318	0.0010578
-86.129	0.2427	8.396	-0.3264	0.319	0.0009418
-83.416	0.6485	9.623	0.0049	0.32	0.0011525
-87.388	0.2174	10.846	-0.3313	0.32	0.0010363
-87.591	-0.266	7.398	-0.2001	0.322	0.0011871
-83.959	0.6884	10.637	-0.2391	0.322	0.0011078
-86.362	0.0163	11.917	0.5322	0.322	0.0011569
-85.163	0.0898	10.462	0.4144	0.323	0.0011694
-85.302	-0.1216	8.103	-0.6377	0.323	0.0009789
-86.384	-0.1548	12.902	0.3881	0.323	0.0012301
-89.185	-0.0596	9.403	0.0224	0.325	0.000971
-87.901	0.277	7.86	0.0707	0.325	0.000804
-85.583	0.0224	8.949	0.8217	0.326	0.0012721
-85.942	-0.4749	9.371	0.5143	0.327	0.000855
-87.917	0.1512	10.988	0.6147	0.327	0.0012188
-88.519	-0.1748	9.773	0.2413	0.328	0.0009243
-85.715	-0.0885	10.84	0.4403	0.329	0.0009545
-85.314	0.547	11.25	-0.0159	0.329	0.000977
-83.558	0.2475	8.514	-0.035	0.331	0.00087
-88.57	-0.5589	10.75	-0.0694	0.333	0.0012657
-84.94	0.1028	9.43	-0.386	0.334	0.0011622
-85.01	0.7498	10.955	-0.0396	0.336	0.0010221
-85.276	-0.7202	8.5	0.049	0.336	0.0009597
-83.051	0.4438	11.22	-0.5311	0.337	0.0009377
-85.17	-0.2371	9.429	-0.1993	0.337	0.0008239
-85.507	0.0944	12.522	-0.0526	0.338	0.0010563
-83.292	0.0438	11.631	-0.1151	0.339	0.0008886
-83.661	0.1667	12.224	0.5595	0.339	0.0009294
-86.272	0.6978	9.924	0.1679	0.34	0.0011001
-86.477	-0.0359	8.067	0.2564	0.341	0.0012419
-88.363	-0.2201	7.595	-0.0772	0.343	0.0012356
-86.747	-0.0128	8.255	-0.0365	0.344	0.0009206
-83.283	0.3704	10.521	-0.2508	0.344	0.0010122
-83.593	-0.1981	9.292	0.5393	0.344	0.0010237
-89.512	0.3208	10.803	-0.0934	0.344	0.0009289
-84.313	-0.3158	10.388	-0.5232	0.344	0.0010206
-85.503	0.1417	6.9	-0.0561	0.345	0.0009777
-83.172	0.4216	9.252	0.5	0.346	0.0008396
-90.018	0.0731	9.67	0.3204	0.346	0.0010938
-87.976	0.1901	10.192	0.1301	0.347	0.0008251
-86.832	0.2996	12.202	-0.6358	0.347	0.0011634
-88.286	-0.1246	8.857	0.6354	0.348	0.0011111
-87.84	0.2245	7.87	0.3923	0.348	0.0012294
-86.669	-0.5062	10.823	0.2407	0.348	0.0010033
-83.813	-0.3307	11.896	0.0268	0.349	0.0011522
-86.999	-0.2637	13.009	-0.1718	0.349	0.0009151
-85.502	0.1955	13.287	0.1401	0.35	0.0011353
-86.925	-0.1887	9.675	-0.26	0.35	0.0012404
-86.682	-0.1291	10.975	-0.5421	0.351	0.001168
-86.728	-0.4189	9.554	0.1766	0.351	0.0011067
-86.205	-0.4488	9.384	-0.881	0.351	0.0011118
-85.679	-0.3068	12.063	-0.8156	0.353	0.00119
-85.922	-0.1121	11.716	-0.3089	0.353	0.0012019
-87.661	-0.5723	8.883	0.3212	0.353	0.0008337
-83.278	0.6199	11.039	-0.0368	0.354	0.0009134
-84.036	-0.2556	13.215	0.4754	0.356	0.0009716
-85.961	0.2499	6.5	-0.2951	0.357	0.0008783
-86.573	-0.2365	8.637	0.1407	0.358	0.0009274
-87.051	-0.3148	8.322	0.2189	0.359	0.001036
-83.987	-0.3008	10.083	0.0013	0.359	0.0010045
-87.357	0.2058	10.85	0.2622	0.36	0.0009482
-84.244	-0.7636	9.37	-0.1272	0.362	0.0010577
-86.373	-0.4705	10.921	-0.7819	0.363	0.0008451
-84.122	-0.4448	9.919	-0.4346	0.363	0.0011884
-85.321	-0.4799	7.164	0.0098	0.364	0.0010745
-86.85	-0.5976	10.386	-0.045	0.365	0.001205
-88.644	-0.2062	8.962	-0.1755	0.366	0.0010353
-85.799	-0.5292	8.835	0.4386	0.371	0.0011416
-87.028	-0.5098	8.702	-0.5488	0.372	0.0009565
-87.649	0.3943	12.283	-0.4779	0.372	0.0010687
-87.74	0.4034	11.238	0.5032	0.373	0.0012519
-90.07	0.2178	11.024	-0.3313	0.373	0.0012249
-84.583	0.0624	12.785	-0.7055	0.378	0.0010823
-82.236	0.0372	7.825	-0.5527	0.378	0.0008867
-87.384	0.005	12.663	-0.0078	0.378	0.001127
-86.296	-0.2943	11.898	-0.0649	0.378	0.0008712
-87.537	0.3351	11.316	0.4521	0.378	0.0011786
-82.605	-0.029	11.204	-0.2327	0.379	0.0008965
-85.055	-0.3617	6.612	-0.2101	0.38	0.0009734
-84.565	0.5515	8.331	0.2356	0.38	0.0012452
-88.077	0.2104	10.505	0.3311	0.381	0.0011418
-84.119	-0.1808	9.016	0.845	0.381	0.001036
-85.808	0.0465	8.157	0.8848	0.381	0.0010662
-84.859	0.0737	6.903	-0.3415	0.383	0.0009963
-86.566	0.1687	9.84	0.3701	0.384	0.0012
-87.116	-0.1734	8.483	0.5277	0.384	0.0012137
-84.295	0.4988	7.724	0.1826	0.385	0.001192
-88.615	0.0868	12.532	0.0284	0.386	0.0011134
-88.734	0.1858	9.851	0.4111	0.388	0.0009341
-85.8	-0.0362	11.28	0.1133	0.388	0.0010365
-86.429	-0.0038	12.44	-0.5335	0.388	0.0011767
-82.73	-0.2255	7.603	0.355	0.388	0.000977
-85.896	0.3243	10.941	0.1059	0.388	0.0011348
-85.42	-0.4621	10.157	0.4464	0.389	0.0010042
-86.539	-0.5413	6.944	-0.1512	0.39	0.0010868
-85.516	0.1004	9.57	-0.9614	0.39	0.0009874
-85.663	-0.1689	8.522	0.5937	0.39	0.0009759
-85.772	-0.6838	8.346	-0.3303	0.391	0.0008868
-84.413	0.4263	10.915	-0.2837	0.391	0.0009185
-87.559	-0.1089	7.872	-0.7485	0.393	0.0011028
-88.679	0.0957	9.606	0.4317	0.393	0.000834
-82.083	-0.3509	11.579	0.1791	0.394	0.0009996
-88.67	0.2259	11.833	0.1898	0.394	0.0012386
-87.599	-0.1625	7.181	-0.2957	0.395	0.0009876
-89.252	0.1466	10.009	-0.8228	0.395	0.0012159
-86.037	-0.3137	10.269	-0.7609	0.395	0.0010876
-86.334	0.3295	12.421	0.6568	0.396	0.0008981
-83.002	0.2549	10.08	-0.349	0.396	0.0009911
-84.249	0.1131	11.152	0.0861	0.396	0.0009127
-85.24	-0.0611	6.602	-0.4908	0.396	0.0010872
-80.93	-0.2106	9.74	-0.0348	0.398	0.0009456
-84.465	-0.4063	12.315	0.2943	0.399	0.0010659
-86.491	0.4554	11.311	0.3862	0.399	0.0010907
-85.707	0.314	11.498	-0.9071	0.4	0.0010853
-84.619	-0.269	10.628	-0.4488	0.4	0.0011443
-86.67	-0.3472	10.287	-0.4334	0.402	0.0010752
-88.146	0.0911	7.12	-0.0298	0.402	0.0011082
-85.659	-0.5247	10.883	-0.7728	0.403	0.0011704
-86.899	0.3874	9.462	0.5778	0.404	0.0010111
-87.616	0.586	9.917	-0.6588	0.404	0.0012007
-88.815	-0.0914	10.378	0.0198	0.404	0.0011548
-84.767	-0.6479	9.71	0.0882	0.405	0.0009734
-84.794	0.2151	11.021	0.9068	0.405	0.0011325
-86.309	0.2444	9.963	-0.1196	0.406	0.0009756
-83.389	-0.3658	12.621	0.0802	0.406	0.0010327
-83.468	0.0658	11.734	-0.1185	0.406	0.0012928
-85.633	-0.507	9.526	0.762	0.406	0.0010151
-85.211	0.3248	10.011	-0.2909	0.409	0.0011461
