-76.683	-.4192	11.021	.0858	-1.960	-.0010392
-75.852	-.6279	8.639	-.5935	-1.960	-.0010065
-76.532	-.3740	10.989	.7568	-1.959	-.0011702
-79.599	-.4126	9.884	-.0054	-1.958	-.0011293
-76.600	.1728	8.702	-.9999	-1.958	-.0009566
-76.047	.5818	8.738	-.0416	-1.958	-.0009756
-78.170	.4869	9.682	-.5572	-1.957	-.0009619
-72.996	-.2004	10.056	.1101	-1.957	-.0012327
-78.520	.0960	8.766	-.2165	-1.956	-.0011688
-75.877	.3346	10.511	-.3276	-1.955	-.0010569
-79.652	.2294	12.23	.0647	-1.954	-.0010428
-78.293	-.0704	9.542	.1347	-1.952	-.0012239
-73.310	.6381	9.281	-.4450	-1.952	-.0011250
-75.484	.1671	7.758	-.6650	-1.952	-.0010263
-76.158	.3753	11.766	.6780	-1.951	-.0010941
-73.798	.1472	9.994	.5866	-1.951	-.0010978
-74.539	-.6707	9.527	-.3420	-1.950	-.0011006
-74.568	.1226	10.307	-.2343	-1.949	-.0012837
-76.800	.3357	7.49	-.2572	-1.949	-.0010590
-74.443	-.2262	10.588	-.5455	-1.948	-.0010092
-78.867	-.5133	9.19	.0712	-1.948	-.0012264
-77.288	-.2709	8.182	.7459	-1.948	-.0010066
-74.435	-.3380	6.776	-.1060	-1.947	-.0010450
-75.538	.0479	7.078	.3619	-1.945	-.0009645
-71.726	-.1104	10.982	-.2667	-1.944	-.0011136
-75.902	-.0321	7.846	-.9283	-1.943	-.0010283
-76.970	-.0459	9.334	.4596	-1.943	-.0009452
-77.318	.0941	10.215	-.1805	-1.943	-.0010115
-78.403	-.1570	11.235	.1457	-1.943	-.0010264
-74.991	.2102	10.031	.1882	-1.942	-.0013076
-77.746	.1688	11.416	-.7986	-1.940	-.0010530
-76.434	-.1168	11.374	-.6774	-1.939	-.0011253
-78.499	-.0723	10.497	-.4495	-1.939	-.0011236
-75.467	-.5827	9.794	.1180	-1.939	-.0010132
-76.587	.2214	11.227	.2201	-1.938	-.0011898
-78.897	.5753	9.491	.1076	-1.938	-.0009837
-77.968	-.4591	10.893	-.4013	-1.937	-.0010094
-78.608	.3679	12.661	-.4137	-1.937	-.0008958
-76.066	-.3059	11.625	-.2910	-1.936	-.0008968
-74.916	-.1105	11.543	.5185	-1.936	-.0009403
-72.505	-.1852	8.066	-.0596	-1.935	-.0011245
-77.924	-.2222	7.468	.2502	-1.933	-.0008951
-76.352	.1011	6.855	.2339	-1.933	-.0011474
-80.072	.2125	11.545	.0798	-1.932	-.0010057
-76.505	.5197	10.278	-.2234	-1.932	-.0008836
-74.038	-.2537	9.991	.2440	-1.932	-.0012810
-73.499	-.1680	9.595	.2226	-1.932	-.0010004
-74.929	-.0390	6.961	.4788	-1.931	-.0011097
-73.179	-.1725	9.639	-.0126	-1.931	-.0010267
-74.689	-.0286	9.577	-.1610	-1.929	-.0008478
-77.932	-.2975	10.366	.0404	-1.929	-.0009320
-77.135	-.0417	8.104	.4106	-1.928	-.0010934
-77.440	-.1206	9.461	-.3847	-1.928	-.0009643
-76.308	-.2782	9.854	-.7003	-1.925	-.0012200
-76.149	.6111	11.627	-.3415	-1.925	-.0010093
-79.854	.4354	10.203	-.2734	-1.925	-.0009805
-76.370	.4477	8.343	-.6887	-1.925	-.0010617
-78.026	-.2138	10.508	.7201	-1.925	-.0011576
-75.710	.5494	10.056	.1459	-1.924	-.0010223
-74.319	.1809	11.85	.2339	-1.922	-.0011136
-74.583	.3585	9.389	-.2078	-1.921	-.0008458
-75.964	-.4233	10.511	.9037	-1.920	-.0009857
-73.539	.5280	9.69	.3119	-1.920	-.0011472
-75.223	-.0465	6.676	-.0542	-1.919	-.0010657
-74.392	.5262	8.604	.0220	-1.919	-.0011758
-72.506	.3210	11.58	-.0293	-1.919	-.0010233
-73.719	.2045	10.852	.4070	-1.918	-.0011353
-77.254	-.2039	8.003	.1985	-1.918	-.0011378
-77.296	-.0473	11.045	.1305	-1.917	-.0009972
-79.713	-.3999	11.105	.4016	-1.917	-.0010056
-76.200	-.0961	10.343	.5145	-1.917	-.0012064
-74.544	-.5746	10.466	.3712	-1.916	-.0010266
-76.531	-.1676	8.164	-.4003	-1.916	-.0009637
-76.400	-.5725	11.917	-.1868	-1.914	-.0010418
-78.677	-.0126	12.501	.1816	-1.914	-.0010930
-76.375	-.3702	11.214	-.5468	-1.914	-.0011003
-74.222	-.0343	8.633	.8293	-1.914	-.0010442
-78.232	-.5333	10.61	-.6395	-1.913	-.0011121
-73.824	.0536	11.49	-.0432	-1.913	-.0011351
-78.554	.1780	10.53	.0156	-1.911	-.0010063
-71.657	-.0077	8.438	-.1968	-1.909	-.0011041
-80.188	.2552	9.408	-.1860	-1.909	-.0008275
-74.937	.1764	8.426	.2546	-1.909	-.0013156
-76.942	.4158	9.181	-.5993	-1.907	-.0009910
-78.129	-.3537	11.05	.3014	-1.907	-.0012052
-75.661	.2439	7.229	-.2257	-1.906	-.0011476
-77.117	-.5482	9.502	-.3113	-1.903	-.0008285
-72.053	-.3666	12.558	-.1940	-1.902	-.0012749
-77.479	-.5363	8.734	.0900	-1.902	-.0010358
-75.218	.3420	10.973	-.4359	-1.901	-.0010973
-74.835	-.1958	6.291	.1529	-1.900	-.0012082
-74.460	-.0162	7.854	.6636	-1.899	-.0011911
-78.055	-.3532	10.656	-.7672	-1.899	-.0011826
-76.822	.0615	10.979	-.6310	-1.899	-.0012529
-74.949	.1196	11.077	.0552	-1.897	-.0010995
-78.488	-.4455	8.597	-.3782	-1.897	-.0010656
-77.020	.1962	12.359	-.4692	-1.896	-.0010660
-76.067	-.1197	10.065	.2738	-1.895	-.0011287
-75.788	.6935	10.299	-.3321	-1.895	-.0009411
-76.239	-.3363	11.66	.2579	-1.895	-.0010605
-74.759	.5808	8.676	.1746	-1.895	-.0010407
-76.062	.3125	9.783	-.2547	-1.895	-.0010471
-74.458	-.1019	8.88	.4643	-1.894	-.0012182
-77.413	.3208	11.348	-.1556	-1.892	-.0010061
-75.828	.1521	9.255	-.9114	-1.892	-.0012203
-73.177	-.2500	12.472	.5621	-1.891	-.0011984
-78.775	.4068	9.02	.0687	-1.890	-.0010109
-76.957	.0353	9.51	-.4523	-1.889	-.0010715
-73.480	-.4626	9.892	-.6631	-1.888	-.0010489
-75.479	.2408	11.282	.8066	-1.888	-.0011775
-73.871	-.0970	7.144	-.5610	-1.888	-.0011964
-74.887	-.4603	8.799	.2703	-1.887	-.0012414
-73.550	.1400	12.855	-.2089	-1.886	-.0011572
-78.993	.2669	7.992	-.1753	-1.885	-.0008700
-73.984	.0197	6.12	-.0537	-1.884	-.0012669
-73.800	.0756	9.234	.4654	-1.883	-.0009969
-76.884	.0884	11.399	.7792	-1.883	-.0011182
-78.310	-.5887	11.257	.0256	-1.883	-.0012106
-76.623	.3024	8.775	.0068	-1.882	-.0010026
-76.796	-.1245	7.542	-.4991	-1.882	-.0011281
-78.822	-.3023	12.399	-.5111	-1.882	-.0008753
-74.524	.5521	10.008	.2323	-1.882	-.0008524
-76.922	.2518	11.711	.1543	-1.882	-.0009587
-76.800	-.0553	10.756	.0368	-1.881	-.0011142
-76.913	-.1354	10.261	-.4878	-1.880	-.0010609
-72.946	-.0619	10.219	-.3597	-1.880	-.0009547
-76.538	-.2635	11.073	.4934	-1.879	-.0012198
-76.934	-.7280	10.233	.3632	-1.873	-.0008866
-77.962	-.1180	8.91	.1000	-1.873	-.0011186
-76.357	.0470	10.336	-.1445	-1.873	-.0010335
-73.883	.7275	10.833	-.1918	-1.872	-.0011594
-77.682	.3298	8.594	.4358	-1.872	-.0009223
-79.258	.1904	10.474	-.6660	-1.872	-.0011029
-71.567	.1893	10.502	.1555	-1.871	-.0012604
-74.716	-.7997	8.432	.1367	-1.871	-.0012038
-75.100	.4628	10.036	-.5220	-1.871	-.0013265
-72.417	.0984	8.998	.5538	-1.870	-.0011015
-75.905	.5873	10.165	-.3620	-1.870	-.0011491
-73.282	-.0788	9.076	-.8725	-1.870	-.0011557
-74.416	-.2284	7.839	-.0027	-1.869	-.0009200
-75.253	-.3679	10.17	.5875	-1.867	-.0011047
-73.780	.1468	10.885	-.1567	-1.866	-.0009832
-79.546	-.4523	10.324	.6552	-1.866	-.0009269
-76.186	-.0106	8.66	.3711	-1.866	-.0012865
-75.935	.4317	10.144	.4579	-1.866	-.0010266
-76.842	.2335	9.135	-.5849	-1.866	-.0008975
-75.107	.6169	10.986	-.3584	-1.865	-.0010256
-75.231	-.0350	10.435	.1542	-1.864	-.0011287
-77.617	.1127	7.933	.5273	-1.862	-.0009193
-75.717	-.3121	11.089	-.0127	-1.862	-.0010066
-74.086	-.0728	8.919	-.5421	-1.861	-.0011920
-76.165	-.4976	10.427	-.6495	-1.859	-.0009630
-77.499	-.1377	12.072	-.2757	-1.859	-.0008403
-79.754	.1704	7.82	-.0928	-1.859	-.0009364
-79.321	-.2934	8.944	.3822	-1.859	-.0011734
-72.209	-.1246	10.62	-.0813	-1.858	-.0008415
-77.134	-.3069	11.308	.2414	-1.858	-.0008916
-78.629	.3395	10.752	-.2798	-1.857	-.0010979
-75.790	.4405	11.159	.3581	-1.856	-.0011209
-73.669	-.0879	9.204	.2766	-1.855	-.0012303
-77.811	-.0531	8.198	.1182	-1.854	-.0011128
-72.514	-.3883	11.668	.3611	-1.854	-.0012173
-77.721	-.2068	11.547	-.8872	-1.854	-.0010418
-72.961	.1825	7.797	.0308	-1.854	-.0009710
-78.753	-.5114	10.469	-.2418	-1.853	-.0009882
-73.032	.2118	10.65	-.1589	-1.852	-.0010300
-75.528	.4712	11.442	-.1968	-1.851	-.0010953
-78.235	-.3247	8.381	-.0060	-1.849	-.0010183
-76.576	-.3880	12.957	-.2116	-1.848	-.0012428
-74.215	.0760	9.284	.3973	-1.847	-.0011668
-74.111	.2421	10.987	.3330	-1.843	-.0012585
-77.548	-.2249	10.779	-.4092	-1.843	-.0010149
-76.422	.1858	9.473	-.2841	-1.843	-.0012256
-75.567	-.4704	9.527	.3588	-1.843	-.0011447
-76.118	.4689	10.688	-.1351	-1.842	-.0010713
-74.262	-.0829	11.984	.0756	-1.842	-.0011039
-73.582	.4523	8.429	-.4243	-1.841	-.0009336
-70.853	.1877	10.668	-.5374	-1.840	-.0013106
-75.107	.4538	9.754	.2789	-1.840	-.0011426
-78.719	.0627	7.856	-.5270	-1.839	-.0010346
-74.206	-.6503	10.868	.1846	-1.838	-.0010223
-75.570	.4157	8.001	.6079	-1.837	-.0011149
-78.389	-.5053	10.731	-.3089	-1.836	-.0009157
-79.196	.6619	9.692	.1540	-1.834	-.0008904
-79.021	-.0448	10.765	-.1517	-1.834	-.0009787
-75.147	.4018	9.444	-.4272	-1.834	-.0011769
-76.065	.2940	12.154	-.4030	-1.833	-.0009866
-80.555	-.1755	9.328	.3764	-1.833	-.0009406
-73.842	-.0727	9.568	.1923	-1.833	-.0010056
-75.871	.0595	9.11	-.0881	-1.832	-.0013348
-78.310	-.6260	11.219	-.2296	-1.831	-.0010368
-77.463	.3340	7.897	-.0738	-1.830	-.0009915
-79.185	.1381	10.381	.4063	-1.830	-.0009815
-74.323	-.2416	10.513	.8740	-1.830	-.0012944
-76.653	-.0668	9.923	.4206	-1.830	-.0012073
-77.471	.3174	7.608	.4507	-1.828	-.0009623
-74.501	-.2432	9.51	-.7879	-1.828	-.0010378
-78.081	.4804	12.96	.1708	-1.827	-.0009659
-77.003	.6233	11.998	-.2739	-1.826	-.0010625
-78.681	.1615	11.483	-.1366	-1.826	-.0011118
-78.614	.2723	9.924	-.1055	-1.826	-.0012109
-76.067	.6530	11.296	-.1013	-1.825	-.0012318
-79.729	.0513	11.466	-.6541	-1.823	-.0010183
-76.628	-.4374	11.716	.1290	-1.822	-.0008755
-73.921	-.2556	7.47	-.5113	-1.820	-.0009843
-74.245	-.1851	8.604	.0927	-1.819	-.0011707
-76.673	.0037	13.274	.3732	-1.819	-.0009539
-74.102	.1153	10.991	.4527	-1.818	-.0012498
-77.934	.4418	12.968	-.1259	-1.817	-.0010283
-77.283	-.0004	9.735	-.2117	-1.816	-.0010142
-71.947	-.1885	10.711	-.5080	-1.815	-.0012935
-78.424	-.2070	12.453	-.3478	-1.814	-.0009722
-77.682	-.1414	7.208	-.1651	-1.814	-.0008776
-78.727	.1819	12.407	.2545	-1.813	-.0009094
-76.220	-.1541	11.493	-.5232	-1.812	-.0011109
-73.236	.4301	9.032	-.1120	-1.812	-.0010399
-71.565	-.3529	9.713	-.1958	-1.812	-.0012239
-78.044	.4970	8.925	-.1427	-1.811	-.0011156
-73.916	.7792	9.89	.2224	-1.811	-.0010439
-73.820	-.1531	10.199	-.1485	-1.811	-.0011770
-78.368	-.0976	11.562	.3516	-1.809	-.0008641
-74.559	.1464	13.071	.0490	-1.808	-.0009454
-71.294	.2332	10.477	.5809	-1.808	-.0013119
-75.643	-.4152	8.035	.4824	-1.808	-.0009469
-81.601	-.1985	9.811	-.2757	-1.807	-.0008399
-78.129	.3806	11.506	-.3262	-1.806	-.0010899
-74.143	-.4847	11.416	.4225	-1.806	-.0012000
-79.769	.0043	11.234	-.0865	-1.806	-.0009675
-75.378	.1919	8.476	.9362	-1.806	-.0012694
-77.646	-.0383	10.255	-.9804	-1.806	-.0010442
-76.724	-.5618	10.164	-.5529	-1.805	-.0011622
-76.655	.6241	9.665	-.0337	-1.805	-.0008679
-73.794	-.5104	10.031	-.4932	-1.802	-.0011320
-75.547	-.4921	9.638	.3570	-1.802	-.0010401
-75.880	.1708	8.224	.8710	-1.800	-.0008298
-76.971	.5195	10.934	.4812	-1.800	-.0010813
-79.515	-.4456	9.746	-.0762	-1.799	-.0011343
-77.583	.3476	7.862	.7349	-1.799	-.0009405
-72.841	.0994	11.814	-.3744	-1.799	-.0009461
-75.995	-.2531	12.199	.3697	-1.799	-.0008733
-76.575	.5812	8.646	.3960	-1.798	-.0012985
-73.530	.0816	10.061	-.4203	-1.798	-.0010442
-75.173	.2517	9.496	.1275	-1.797	-.0013138
-74.701	.4352	9.472	.1420	-1.796	-.0011724
-72.965	.2469	10.54	.0721	-1.796	-.0011067
-75.078	.5530	10.054	-.6748	-1.796	-.0010218
-73.825	.0199	11.525	-.7812	-1.794	-.0009904
-73.465	-.1610	10.333	.4014	-1.793	-.0011738
-77.437	.1169	6.106	.1508	-1.793	-.0008717
-72.559	.2340	9.159	-.0009	-1.792	-.0010207
-75.155	-.0258	6.955	.0812	-1.791	-.0010912
-75.370	.3258	10.569	.5698	-1.791	-.0009602
-77.411	.4153	9.321	-.7570	-1.791	-.0009601
-75.866	-.2399	8.198	.3805	-1.790	-.0012617
-74.196	.1865	12.763	-.1959	-1.790	-.0011115
-77.824	.0612	9.383	.0725	-1.789	-.0009292
-74.618	-.4311	10.663	-.4688	-1.789	-.0009542
-73.238	-.1698	11.767	.3964	-1.787	-.0009830
-75.247	.2494	9.818	.8298	-1.784	-.0011670
-77.077	.2244	8.864	-.3992	-1.783	-.0012617
-77.510	.3189	12.277	-.2701	-1.783	-.0009381
-78.946	.4049	11.459	.1669	-1.783	-.0012456
-74.890	-.2236	12.599	-.2899	-1.782	-.0008953
-72.875	.1703	6.822	.0485	-1.781	-.0012900
-76.961	.2932	11.783	-.6571	-1.780	-.0009347
-80.271	-.2257	10.55	.1795	-1.780	-.0009754
-73.929	-.2130	10.843	-.6600	-1.779	-.0011190
-71.941	-.2778	7.978	.3642	-1.778	-.0013338
-73.964	.3810	10.196	.0005	-1.777	-.0012990
-72.559	-.4234	9.694	-.4498	-1.777	-.0011714
-73.488	-.0605	10.458	.4692	-1.776	-.0011980
-74.181	-.2072	12.011	-.1596	-1.776	-.0009888
-75.194	-.1462	8.27	-.2284	-1.775	-.0009361
-76.672	.3352	9.69	-.0000	-1.775	-.0009258
-73.757	.4889	10.275	-.1097	-1.774	-.0010002
-73.111	-.4994	9.965	-.4865	-1.773	-.0011936
-77.452	-.4376	10.549	-.5120	-1.773	-.0009746
-77.523	-.6992	10.191	-.3784	-1.773	-.0010516
-77.946	-.5350	11.918	-.2015	-1.772	-.0012383
-75.690	-.0715	7.138	-.1821	-1.772	-.0009322
-73.043	.1228	12.661	.2948	-1.771	-.0012609
-78.525	.0794	9.908	-.5103	-1.770	-.0011807
-75.139	-.5565	9.852	-.2543	-1.770	-.0011053
-79.507	.2412	9.941	.0906	-1.769	-.0011070
-74.743	-.0271	9.168	.3846	-1.768	-.0010429
-77.127	-.1019	11.384	-.0837	-1.768	-.0008824
-75.792	-.0382	10.892	-.4225	-1.768	-.0009202
-76.212	.2691	8.333	.5107	-1.766	-.0011194
-78.868	-.0044	12.569	.6952	-1.766	-.0009126
-71.888	.3762	11.656	.1803	-1.766	-.0012594
-74.053	.1913	10.379	.8609	-1.765	-.0009690
-76.191	-.5417	10.185	.8063	-1.765	-.0012081
-73.543	.5090	7.58	.5362	-1.765	-.0012527
-74.749	-.6807	9.823	-.0877	-1.764	-.0010490
-75.924	.3183	8.284	-.7642	-1.762	-.0009885
-74.065	-.0191	9.887	-.4614	-1.758	-.0012104
-77.332	-.2554	7.25	-.2094	-1.757	-.0013260
-75.112	-.4688	10.657	-.1828	-1.756	-.0008885
-75.727	.0850	7.588	.1266	-1.755	-.0012359
-73.325	-.1030	12.769	-.1040	-1.755	-.0012292
-74.815	-.5658	11.202	-.6401	-1.754	-.0009542
-75.335	.0319	11.932	.2781	-1.754	-.0010614
-73.283	-.1192	8.616	-.3753	-1.750	-.0010672
-75.004	.5911	12.498	.1834	-1.747	-.0010581
-71.511	-.4212	10.627	.0425	-1.747	-.0012230
-80.548	.3195	8.698	-.0159	-1.747	-.0009039
-76.153	-.4227	8.749	.0615	-1.747	-.0009933
-76.654	-.4908	7.713	-.3836	-1.745	-.0008314
-76.870	.2024	12.447	.5595	-1.745	-.0011488
-77.423	.7431	9.431	.3240	-1.745	-.0011758
-76.840	-.2052	9.725	.1150	-1.745	-.0010391
-75.017	.1099	11.739	.1703	-1.745	-.0010840
-77.447	.0781	10.787	-.4286	-1.744	-.0012380
-75.158	.2811	10.902	-.9219	-1.742	-.0012773
-77.046	.0870	11.457	-.7574	-1.741	-.0011554
-74.252	-.4489	9.436	-.1936	-1.740	-.0008948
-76.520	-.3364	8.899	.6100	-1.740	-.0008734
-75.707	-.8457	10.475	-.1709	-1.740	-.0011064
-73.596	-.3059	12.181	-.3785	-1.739	-.0011933
-78.206	-.0901	8.389	-.6613	-1.738	-.0012270
-73.638	-.5140	11.701	.2149	-1.738	-.0011923
-77.743	-.1153	9.894	-.5655	-1.737	-.0011406
-76.203	-.1003	11.753	.5157	-1.736	-.0012556
-74.185	.3521	9.607	.9065	-1.736	-.0012189
-75.406	-.5605	10.293	.0987	-1.736	-.0012021
-80.021	-.2783	10.69	-.1303	-1.736	-.0011822
-73.356	-.3873	11.992	-.2048	-1.735	-.0010901
-75.027	.2540	10.894	.3932	-1.735	-.0010487
-77.633	-.2754	11.745	.6543	-1.734	-.0011843
-77.274	.0877	9.309	-.8861	-1.733	-.0009742
-76.945	-.3362	10.745	-.7520	-1.732	-.0011866
-79.033	.2072	8.483	-.3091	-1.732	-.0008775
-74.932	.3022	10.483	.0598	-1.731	-.0012864
-76.167	.0573	10.499	.8935	-1.731	-.0012131
-75.938	.1986	13.026	-.1245	-1.730	-.0009089
-80.364	-.5317	11.029	-.3062	-1.729	-.0008824
-74.727	-.4685	11.428	.5552	-1.726	-.0010946
-77.810	-.1683	8.21	.4408	-1.726	-.0011886
-75.100	.4706	10.539	-.8878	-1.726	-.0011980
-75.524	-.2953	10.855	-.5710	-1.726	-.0011125
-77.168	.4735	11.139	-.2366	-1.726	-.0011792
-76.660	.0222	10.135	.7737	-1.726	-.0009062
-74.273	-.2087	10.692	.4617	-1.726	-.0010554
-74.627	.1160	10.467	-.5667	-1.726	-.0010553
-78.376	-.3876	12.56	-.5216	-1.725	-.0009039
-78.840	.1775	8.185	.3228	-1.725	-.0010374
-75.406	-.0952	11.161	.2844	-1.725	-.0011667
-75.587	.4092	9.158	-.0788	-1.725	-.0012058
-77.852	.1919	11.279	-.0193	-1.724	-.0011697
-73.714	-.1469	8.655	-.0981	-1.724	-.0009440
-78.171	.4162	10.077	-.3788	-1.724	-.0012201
-75.447	.2146	7.893	-.6097	-1.723	-.0010696
-75.998	.2032	11.641	-.7274	-1.723	-.0010897
-73.804	.2386	12.255	.4470	-1.720	-.0012857
-71.981	-.1902	8.98	.7142	-1.718	-.0012773
-73.775	.4574	9.204	-.2707	-1.717	-.0010101
-75.572	-.1329	9.748	-.9750	-1.717	-.0011534
-77.407	.0820	8.668	.1743	-1.713	-.0009354
-73.698	.1679	10.487	.2927	-1.712	-.0010113
-75.992	-.0279	11.251	-.9345	-1.712	-.0011529
-77.769	.1670	9.869	-.2977	-1.710	-.0010727
-73.902	.1071	12.094	.4695	-1.710	-.0012624
-78.583	-.4130	9.759	-.0167	-1.710	-.0011604
-77.244	.0944	8.956	.7630	-1.708	-.0011481
-74.802	-.3021	12.193	-.4416	-1.705	-.0009418
-75.662	-.2134	10.862	-.2916	-1.705	-.0012175
-77.062	.4978	11.031	-.2737	-1.704	-.0011348
-72.439	-.1246	8.875	.0589	-1.704	-.0011446
-79.564	-.4950	11.77	-.2165	-1.703	-.0010077
-72.447	-.0258	10.114	-.0888	-1.703	-.0012503
-77.792	-.5213	8.611	-.5470	-1.702	-.0010776
-76.212	-.2205	9.515	.1237	-1.701	-.0010816
-75.448	-.4351	12.709	-.2692	-1.699	-.0012658
-76.836	.3872	7.272	.3865	-1.699	-.0011228
-73.860	-.1089	9.952	.0682	-1.699	-.0011916
-73.893	-.1094	8.915	-.6442	-1.699	-.0011360
-78.574	.0560	11.094	-.0397	-1.699	-.0011484
-73.166	-.5457	10.838	-.1387	-1.698	-.0009672
-75.202	-.2507	11.65	-.8808	-1.697	-.0011104
-77.454	-.2212	9.169	-.3380	-1.697	-.0010391
-78.034	.4007	8.55	-.4266	-1.697	-.0012333
-73.703	.5838	8.629	-.4250	-1.696	-.0010331
-77.170	-.2270	10.903	-.1574	-1.695	-.0013245
-79.705	.0011	9.265	.4399	-1.695	-.0010302
-78.010	.0662	12.805	-.1867	-1.695	-.0009608
-79.785	-.5290	11.229	.4008	-1.693	-.0009703
-74.332	.4258	9.018	.1210	-1.692	-.0012237
-79.713	.1289	10.507	-.2932	-1.692	-.0010898
-76.116	.6585	11.464	.1137	-1.689	-.0012970
-74.975	-.0057	7.999	-.2063	-1.689	-.0011396
-74.589	-.3753	11.31	.2404	-1.687	-.0012921
-73.783	.1423	10.747	-.0696	-1.687	-.0011271
-74.821	.2548	9.428	.8277	-1.687	-.0011755
-78.487	-.1638	8.928	.5575	-1.686	-.0008988
-74.185	-.1236	8.298	.0343	-1.686	-.0010786
-75.302	.3463	8.142	.7174	-1.686	-.0008892
-77.249	-.1050	13.691	-.1982	-1.685	-.0009267
-77.494	-.2569	8.799	.5565	-1.685	-.0012457
-78.868	.2869	10.516	.3782	-1.685	-.0011231
-79.050	.1568	9.533	.4555	-1.683	-.0012113
-79.138	-.2188	9.306	-.2197	-1.680	-.0009989
-79.732	.0907	11.949	-.0662	-1.680	-.0011439
-79.124	-.0278	7.737	.0529	-1.680	-.0009525
-79.343	-.1456	10.512	-.2639	-1.679	-.0010614
-75.717	-.2372	9.72	.5891	-1.678	-.0009096
-77.659	.3181	12.664	-.6189	-1.676	-.0009943
-73.331	-.0981	13.306	-.0195	-1.675	-.0011230
-74.219	.0271	12.31	-.3383	-1.674	-.0009712
-72.867	.3148	9.247	-.0633	-1.674	-.0009596
-73.972	.1133	6.981	.4608	-1.672	-.0010274
-79.211	-.1738	11.043	-.6097	-1.672	-.0009554
-79.753	-.2436	10.096	-.0485	-1.671	-.0010317
-74.969	-.4344	10.192	-.3928	-1.671	-.0012298
-80.166	.2691	9.576	.4076	-1.670	-.0009990
-77.219	.1373	11.386	.1899	-1.669	-.0010366
-77.666	-.1854	8.435	-.0326	-1.669	-.0009462
-73.386	.0289	8.193	.2620	-1.667	-.0011422
-76.746	.7111	10.24	.2604	-1.667	-.0008932
-77.216	-.3882	10.599	.5771	-1.667	-.0010771
-73.309	-.4310	9.499	-.6387	-1.666	-.0011901
-76.338	.3248	13.13	.0853	-1.665	-.0009589
-72.972	.2066	11.105	-.1085	-1.663	-.0009277
-74.448	-.3063	9.705	.0530	-1.663	-.0012369
-78.938	-.2424	11.366	.6356	-1.662	-.0010742
-78.631	-.6029	11.86	.2482	-1.662	-.0008860
-78.996	.2520	10.479	-.6568	-1.661	-.0010465
-74.516	.4227	10.928	.3096	-1.661	-.0012179
-73.111	.1688	10.526	-.0589	-1.659	-.0012663
-77.611	-.1967	10.859	-.6511	-1.658	-.0011612
-76.964	-.4660	12.428	-.1773	-1.657	-.0011114
-79.041	.0904	8.422	-.7148	-1.656	-.0008720
-73.411	.3685	9.571	-.0640	-1.655	-.0013262
-79.068	.2341	10.598	.3443	-1.655	-.0011041
-78.975	.5559	8.135	-.0166	-1.655	-.0009061
-75.811	.1899	9.985	.9398	-1.654	-.0011457
-74.414	.5930	11.398	.3010	-1.654	-.0010315
-74.113	.4298	9.523	.3186	-1.650	-.0009450
-75.592	.3516	11.012	-.4721	-1.649	-.0011093
-75.642	.1727	7.184	-.5076	-1.646	-.0010577
-73.148	.5085	8.944	-.1101	-1.643	-.0012501
-75.275	.1630	10.875	-.7447	-1.643	-.0010937
-79.051	-.0584	9.753	-.4149	-1.643	-.0010396
-76.447	-.0346	8.754	-.1819	-1.643	-.0009436
-76.725	-.0090	11.364	-.4947	-1.642	-.0010858
-73.772	-.3509	10.569	.5472	-1.642	-.0010952
-71.737	.3839	10.526	.0444	-1.642	-.0012259
-73.901	-.3854	10.659	.2541	-1.641	-.0009528
-72.795	-.2380	8.546	.3258	-1.641	-.0011123
-78.175	-.3476	9.888	.8719	-1.641	-.0009820
-73.075	.6965	10.166	.3797	-1.639	-.0011953
-76.500	-.1347	11.517	.5907	-1.639	-.0009471
-76.970	-.4845	10.969	-.5110	-1.638	-.0013070
-73.524	.1516	11.26	.7512	-1.638	-.0011906
-77.439	-.2434	9.686	-.6658	-1.637	-.0011086
-78.741	-.0200	9.29	.0559	-1.637	-.0011279
-74.451	-.4682	10.525	.0447	-1.637	-.0009771
-78.997	-.2169	11.053	.1837	-1.636	-.0011268
-76.700	.0845	8.979	-.1206	-1.636	-.0011234
-80.277	-.1452	9.935	-.6201	-1.636	-.0008275
-75.920	.0651	9.896	.0352	-1.635	-.0009701
-79.570	-.0662	10.335	.5275	-1.635	-.0009854
-75.214	.1463	8.885	-.3466	-1.635	-.0008663
-76.032	-.0552	11.806	-.3829	-1.635	-.0010989
-77.619	-.1194	12.784	.1165	-1.634	-.0012996
-78.226	-.1877	11.901	-.0857	-1.634	-.0011011
-76.099	-.4935	9.078	-.2450	-1.634	-.0010993
-75.400	.0480	10.855	.4605	-1.632	-.0011451
-78.414	-.0639	9.373	-.4957	-1.632	-.0010520
-76.299	-.3282	12.882	.3592	-1.632	-.0008283
-79.893	.4044	9.578	-.4605	-1.632	-.0009708
-73.888	.0043	8.997	.4143	-1.631	-.0012106
-74.689	.3422	9.339	-.2060	-1.631	-.0012513
-75.223	.0553	10.539	-.5394	-1.630	-.0011400
-79.594	.5085	12.249	.2164	-1.630	-.0008535
-74.840	-.1308	9.267	.1216	-1.629	-.0011135
-75.801	.6380	9.839	-.3524	-1.629	-.0011996
-76.747	-.2382	8.565	.0511	-1.629	-.0011402
-72.755	-.1383	11.899	-.5378	-1.628	-.0011078
-75.792	-.1041	9.185	-.6118	-1.628	-.0009636
-72.780	.1595	7.199	-.1029	-1.625	-.0012272
-76.226	-.0994	7.099	-.5486	-1.624	-.0010036
-75.363	-.0907	12.838	.4024	-1.624	-.0010183
-75.763	-.2069	10.237	.2445	-1.623	-.0010568
-79.387	-.2310	8.476	-.5176	-1.623	-.0008824
-71.595	.3656	11.144	.0367	-1.622	-.0012633
-78.741	.5145	9.722	.1990	-1.619	-.0009008
-72.921	-.3918	7.638	.2942	-1.618	-.0012782
-76.386	.3864	10.731	-.7096	-1.618	-.0009288
-77.679	.6308	9.112	-.1648	-1.617	-.0009225
-79.315	.6442	8.909	-.2284	-1.617	-.0008978
-76.770	.3394	9.195	-.0406	-1.615	-.0011032
-78.009	-.0294	7.667	-.1788	-1.615	-.0008578
-78.368	.5726	10.563	.3868	-1.615	-.0009384
-76.665	.0556	12.729	-.5249	-1.612	-.0012105
-74.275	.2634	9.246	.4871	-1.612	-.0009919
-76.259	.5208	9.286	-.4795	-1.611	-.0010151
-75.959	-.0494	8.967	.0487	-1.611	-.0013008
-77.847	-.2582	9.827	.6323	-1.611	-.0012422
-76.168	-.4017	11.076	.4941	-1.611	-.0010058
-75.069	.3491	7.749	-.3228	-1.610	-.0010837
-72.561	.3676	12.671	.2256	-1.609	-.0011891
-74.525	.2311	11.23	-.4243	-1.608	-.0012607
-74.673	-.1741	8.993	-.4526	-1.608	-.0011844
-74.461	.2339	11.33	.1844	-1.606	-.0011315
-77.780	-.2626	10.615	.2323	-1.605	-.0010603
-72.187	.2383	9.627	.2240	-1.605	-.0012356
-74.276	-.0183	8.36	-.0205	-1.604	-.0009792
-73.587	.6724	11.67	-.2274	-1.602	-.0011870
-74.634	-.2236	9.95	.5667	-1.602	-.0011448
-77.659	.0366	9.223	-.4965	-1.601	-.0009202
-73.462	.1524	9.37	.4774	-1.601	-.0012707
-74.692	.3570	11.591	.0323	-1.600	-.0012490
-74.498	-.1345	9.134	.3365	-1.599	-.0011809
-76.760	-.1474	8.586	-.0973	-1.599	-.0010322
-76.744	.0923	11.544	.1308	-1.597	-.0011011
-77.212	.0629	7.126	.0852	-1.597	-.0008981
-73.983	.3481	10.883	.2199	-1.596	-.0012412
-75.843	-.1673	8.172	-.9159	-1.593	-.0010944
-74.199	.4586	11.058	.2844	-1.592	-.0009375
-77.558	.1271	11.554	-.7939	-1.591	-.0009687
-75.588	.5692	11.219	-.0662	-1.590	-.0010392
-79.208	.0696	12.309	.1791	-1.589	-.0008281
-78.531	.2954	11.602	-.6159	-1.589	-.0009735
-74.837	-.4131	7.346	-.4547	-1.589	-.0010500
-75.449	.6535	9.603	-.3468	-1.588	-.0011021
-77.174	.0280	10.221	-.1637	-1.586	-.0012390
-73.770	-.2802	12.915	-.3229	-1.586	-.0009893
-76.645	-.6043	10.914	-.5401	-1.585	-.0012090
-74.096	-.1782	8.322	.2692	-1.585	-.0009843
-75.792	-.3341	11.328	-.7475	-1.585	-.0011066
-78.813	-.0818	8.333	.7245	-1.584	-.0010559
-74.194	.2005	13.357	-.1117	-1.584	-.0009921
-72.746	.6314	11.908	-.1888	-1.582	-.0012105
-73.940	-.4242	9.187	-.0598	-1.580	-.0011725
-77.651	-.1893	9.588	.4163	-1.579	-.0010684
-77.966	.5514	11.448	.0139	-1.579	-.0009025
-74.706	-.1561	10.371	.5107	-1.579	-.0008979
-78.304	.0315	9.482	-.3994	-1.577	-.0010355
-73.733	.1743	10.344	.5607	-1.576	-.0009509
-74.799	.6748	10.583	-.1659	-1.572	-.0010253
-78.197	-.5370	10.157	-.3145	-1.569	-.0010739
-76.423	-.0290	7.378	-.4255	-1.568	-.0011096
-76.273	-.4469	12.093	-.2074	-1.566	-.0012133
-72.402	.5503	10.631	-.2453	-1.565	-.0010906
-75.655	-.4298	10.578	-.2884	-1.563	-.0010863
-75.636	.6655	11.51	.0425	-1.561	-.0011782
-73.382	.4406	9.207	-.1280	-1.560	-.0011939
-75.112	-.3157	8.602	-.4057	-1.560	-.0011056
-75.991	.2787	7.971	.6519	-1.559	-.0011484
-72.196	-.0141	6.792	-.0268	-1.559	-.0012168
-79.784	-.0873	9.003	-.4530	-1.559	-.0011865
-76.356	-.1140	8.287	-.8094	-1.558	-.0010874
-75.380	.5440	9.338	.4536	-1.556	-.0010192
-76.345	-.0717	11.925	-.7332	-1.555	-.0011305
-73.097	.1654	10.652	-.2519	-1.555	-.0009667
-74.889	.2726	11.818	-.2063	-1.555	-.0011463
-77.062	.6902	11.126	.1525	-1.554	-.0012055
-76.194	-.0620	7.553	.6210	-1.553	-.0011043
-75.177	-.1236	8.525	.0724	-1.553	-.0011013
-77.842	-.0069	9.685	.4665	-1.553	-.0011503
-74.828	-.5263	9.409	-.5662	-1.550	-.0010795
-76.808	.3620	10.001	.4629	-1.550	-.0011677
-74.760	-.1775	6.953	.5937	-1.548	-.0010605
-76.050	-.1623	9.629	-.0174	-1.547	-.0009363
-78.360	-.0344	11.017	.6500	-1.546	-.0011592
-71.732	.4769	9.906	-.1778	-1.546	-.0013127
-77.440	.2869	10.959	.5354	-1.546	-.0011803
-75.855	.0318	11.007	.0772	-1.545	-.0008343
-76.699	-.6633	9.601	-.0787	-1.545	-.0009915
-77.632	-.4837	8.914	-.4904	-1.544	-.0011102
-79.623	-.5098	9.171	-.2794	-1.542	-.0009050
-78.482	-.2942	7.716	.4385	-1.540	-.0009139
-78.549	.5584	8.038	-.1941	-1.540	-.0010422
-75.093	.6123	10.289	.6707	-1.539	-.0010713
-73.740	-.3383	9.291	-.6806	-1.539	-.0009265
-77.109	-.1835	12.512	.4072	-1.539	-.0011300
-76.940	-.3390	8.506	.4539	-1.538	-.0010188
-76.368	.0277	11.762	.2393	-1.538	-.0009873
-75.419	.0519	7.661	.6962	-1.536	-.0011267
-72.462	-.0975	7.499	-.2463	-1.536	-.0012349
-77.743	.0407	10.166	.1289	-1.536	-.0011565
-76.616	-.0923	10.194	.6147	-1.536	-.0013196
-76.674	-.4043	9.996	-.1898	-1.536	-.0009220
-76.619	.3188	12.183	.1788	-1.535	-.0010482
-74.052	.1717	8.121	.7775	-1.534	-.0011182
-71.923	-.1922	8.752	-.5643	-1.531	-.0013031
-80.196	.0614	11.152	.5744	-1.529	-.0009687
-75.269	-.0722	11.652	-.2040	-1.529	-.0008671
-77.661	.5690	8.317	-.3199	-1.528	-.0010264
-78.169	.0404	10.062	.6299	-1.527	-.0011364
-77.615	-.6606	7.672	.2538	-1.527	-.0009847
-76.096	.5297	8.82	.7440	-1.526	-.0010378
-77.693	.3710	8.297	-.2102	-1.525	-.0011545
-73.580	-.1451	8.057	-.7652	-1.524	-.0011838
-74.038	.1312	11.822	-.5271	-1.522	-.0009993
-79.298	.1689	11.563	.2668	-1.521	-.0010182
-76.249	-.3683	10.49	-.3849	-1.520	-.0011766
-77.115	.3342	10.706	.2231	-1.519	-.0010561
-74.841	-.5328	7.736	.0298	-1.519	-.0010115
-78.014	.5255	9.39	-.1953	-1.519	-.0011366
-75.983	.4301	10.757	.6107	-1.518	-.0009113
-76.019	-.5062	9.352	-.5288	-1.517	-.0011957
-76.737	.1179	7.98	-.7894	-1.517	-.0009418
-78.096	.0024	8.632	-.6499	-1.515	-.0012577
-78.137	.1557	11.236	-.5418	-1.515	-.0011437
-76.251	-.3227	11.28	-.8378	-1.514	-.0011918
-77.501	.3364	12.198	-.0070	-1.513	-.0011154
-76.337	-.5038	9.988	-.1500	-1.512	-.0010100
-73.207	-.5555	10.913	.1221	-1.510	-.0010646
-74.542	.6719	9.446	-.3342	-1.510	-.0010201
-80.366	.2333	9.751	.2772	-1.510	-.0008665
-78.120	.4024	11.448	-.2056	-1.509	-.0009194
-72.660	-.2667	10.647	-.3651	-1.507	-.0011122
-71.890	-.0023	9.427	-.1629	-1.504	-.0010157
-75.564	.1470	11.615	-.2715	-1.504	-.0011133
-74.266	-.5447	10.008	-.0842	-1.503	-.0010596
-74.628	.1841	6.431	.2310	-1.503	-.0011556
-72.869	.2148	8.551	-.5012	-1.503	-.0010643
-72.993	-.4355	8.229	.0284	-1.503	-.0012384
-78.507	-.1414	7.74	.3843	-1.503	-.0010371
-76.580	-.3299	9.843	-.0532	-1.502	-.0010780
-76.313	-.6728	10.768	-.5108	-1.499	-.0012741
-78.018	.7636	10.021	-.0398	-1.498	-.0010816
-75.856	-.4375	10.511	-.6736	-1.497	-.0010732
-79.418	-.4544	11.22	.1169	-1.497	-.0008245
-71.700	.1638	9.509	.4764	-1.497	-.0012909
-74.035	.2251	9.674	-.0599	-1.496	-.0010165
-74.751	.1820	9.62	.3947	-1.495	-.0009086
-75.116	.2408	8.954	.1932	-1.495	-.0009697
-75.353	.3418	9.019	-.9350	-1.495	-.0011955
-76.548	.4562	9.416	.4644	-1.494	-.0012505
-75.917	-.2507	11.355	.4534	-1.493	-.0008387
-75.812	.4608	9.472	-.4001	-1.491	-.0009993
-73.327	-.4568	8.702	-.3401	-1.491	-.0012040
-72.356	-.3118	9.929	.1609	-1.491	-.0012981
-73.489	-.0793	12.995	.2553	-1.490	-.0010211
-74.343	-.3919	7.689	-.6364	-1.490	-.0011912
-74.493	-.4931	8.443	-.4659	-1.490	-.0009456
-76.038	.6019	8.765	-.0069	-1.490	-.0009071
-79.060	-.2807	8.395	-.4606	-1.490	-.0010384
-73.847	.3911	7.212	-.0732	-1.489	-.0012990
-78.982	.2859	9.074	.1913	-1.489	-.0009957
-74.885	.3950	9.977	.8947	-1.487	-.0010640
-77.453	.1927	10.296	-.0126	-1.487	-.0010366
-73.529	.0671	11.402	-.2609	-1.486	-.0008780
-74.493	-.6699	8.476	-.0671	-1.485	-.0009618
-75.482	-.4359	10.517	.3544	-1.485	-.0009115
-74.054	-.3023	9.156	-.0122	-1.484	-.0010947
-74.140	-.0750	8.664	-.0465	-1.483	-.0010072
-73.050	-.0540	12.224	-.3474	-1.483	-.0011877
-73.544	.4652	8.693	.0874	-1.482	-.0008202
-80.839	-.2818	10.804	-.1509	-1.480	-.0009699
-76.930	-.1915	11.958	.1387	-1.479	-.0011897
-80.804	.1875	9.321	.1422	-1.478	-.0008884
-76.934	.2971	9.752	-.9901	-1.478	-.0011047
-77.083	-.4824	12.15	-.5381	-1.478	-.0011174
-73.705	-.7068	9.657	.2893	-1.476	-.0011698
-75.654	.2012	9.825	.1116	-1.476	-.0010840
-73.088	-.4914	8.336	.4655	-1.475	-.0010489
-76.939	.1522	7.207	.2315	-1.474	-.0009641
-75.406	.4568	10.27	-.4211	-1.473	-.0011981
-73.965	.2049	11.442	.4202	-1.473	-.0011315
-77.814	.0992	10.918	-.6957	-1.473	-.0012280
-78.494	.5804	11.503	.1181	-1.473	-.0010162
-77.800	.5142	8.593	.7375	-1.472	-.0008835
-80.077	-.1815	9.639	-.6179	-1.471	-.0008256
-73.137	-.0958	9.325	.1269	-1.470	-.0011170
-77.820	-.4814	8.974	.2060	-1.470	-.0009048
-79.287	.2455	7.957	.2687	-1.469	-.0008217
-75.291	.2947	6.815	.4678	-1.468	-.0011538
-76.831	.6401	10.592	-.4685	-1.468	-.0008720
-73.859	.4109	10.722	.2505	-1.466	-.0012069
-76.692	.0608	8.893	-.1750	-1.465	-.0010147
-77.412	.6283	8.88	.4642	-1.464	-.0010625
-77.713	-.6044	9.468	-.2126	-1.464	-.0011055
-73.357	-.4438	10.016	-.6624	-1.463	-.0011224
-73.605	.0123	10.93	.0513	-1.463	-.0011473
-73.456	.5482	11.322	.5381	-1.463	-.0011409
-73.561	-.1782	7.431	.6736	-1.460	-.0012237
-72.943	-.7046	10.744	-.1830	-1.459	-.0011534
-74.779	.6510	11.541	.3111	-1.457	-.0009644
-76.613	-.0956	12.528	-.0516	-1.457	-.0010567
-75.795	.1325	10.28	-.5151	-1.457	-.0008965
-80.350	.0660	9.762	.1572	-1.457	-.0009215
-80.205	-.1690	8.342	.1278	-1.456	-.0008349
-76.355	.2521	9.062	-.3944	-1.456	-.0012429
-76.045	-.3934	7.981	-.6430	-1.454	-.0010457
-76.318	.3102	9.951	-.3227	-1.454	-.0011118
-77.773	.5162	9.788	-.0935	-1.454	-.0009845
-73.211	.4773	8.119	-.4826	-1.452	-.0011209
-75.284	-.7923	9.917	.2884	-1.451	-.0010788
-73.379	.1955	11.616	.0195	-1.450	-.0010670
-76.358	.0098	13.861	-.3265	-1.450	-.0010141
-74.424	-.1046	8.104	-.6175	-1.447	-.0011244
-78.194	-.2101	11.395	.4994	-1.447	-.0010631
-72.917	-.1223	9.955	.6144	-1.446	-.0010472
-74.935	.3037	11.86	.1213	-1.445	-.0008551
-76.412	.4265	11.038	.7216	-1.445	-.0009809
-75.457	.1319	9.78	.9923	-1.444	-.0009156
-76.573	.3259	7.362	.7040	-1.443	-.0009335
-79.852	.1821	9.564	-.1805	-1.443	-.0011622
-78.108	-.0572	11.83	.0814	-1.443	-.0011387
-73.517	.0499	7.858	-.1127	-1.443	-.0009784
-74.895	.1707	8.262	-.8555	-1.443	-.0011850
-72.486	.4132	12.071	-.1565	-1.442	-.0012663
-77.114	-.0066	12.022	.6527	-1.441	-.0011572
-76.333	-.5717	8.659	.5248	-1.441	-.0009231
-74.755	.1934	12.145	.7518	-1.440	-.0010830
-76.692	.3164	11.214	-.8911	-1.439	-.0010284
-73.359	-.2229	7.935	-.5685	-1.438	-.0010537
-72.715	-.2472	9.449	.4858	-1.437	-.0009914
-78.176	.1676	8.111	-.5102	-1.436	-.0012184
-79.255	-.3585	11.422	.3993	-1.435	-.0010288
-76.297	.3580	12.416	.0648	-1.433	-.0010576
-75.352	-.4287	7.768	-.3019	-1.432	-.0008892
-77.038	-.2940	8.78	.2550	-1.432	-.0011949
-73.772	.0445	9.002	-.0198	-1.431	-.0012075
-72.577	-.0229	10.299	-.0080	-1.431	-.0012587
-77.404	-.2634	10.09	-.7255	-1.431	-.0009977
-73.608	-.2072	7.262	-.4353	-1.430	-.0010250
-77.021	.0424	12.382	.4148	-1.429	-.0008962
-73.493	.4169	11.558	-.1607	-1.428	-.0010867
-77.932	.1867	11.3	.6733	-1.428	-.0011268
-75.786	.1761	8.964	.0375	-1.427	-.0011658
-76.269	-.0180	8.214	-.0362	-1.421	-.0011209
-77.652	-.0070	12.741	.2838	-1.420	-.0008442
-79.600	.0700	9.167	.5433	-1.420	-.0009128
-78.013	-.1737	9.958	-.5013	-1.417	-.0011076
-75.789	-.4872	10.068	-.5664	-1.416	-.0008383
-72.806	.4268	11.705	-.2475	-1.414	-.0010736
-76.102	.2336	11.276	-.3671	-1.413	-.0009278
-76.748	.3908	7.083	.4202	-1.412	-.0010939
-76.742	-.8206	9.948	.0949	-1.412	-.0011707
-79.370	-.1497	10.717	-.3426	-1.412	-.0009457
-79.076	-.2005	11.395	-.1242	-1.412	-.0011404
-75.122	-.1202	12.247	.3389	-1.411	-.0011093
-75.352	-.0542	11.651	-.3053	-1.410	-.0009932
-73.616	-.2130	9.194	.0562	-1.410	-.0012021
-76.574	-.6903	10.686	-.0061	-1.410	-.0012934
-79.454	-.0735	10.124	.8376	-1.409	-.0008110
-73.645	-.4102	9.504	.1160	-1.407	-.0011907
-74.448	.0959	9.524	-.8048	-1.405	-.0012768
-73.571	.3115	8.583	.3036	-1.405	-.0011442
-76.317	-.3218	9.691	.4571	-1.404	-.0012928
-74.724	-.0994	9.327	.1964	-1.404	-.0011752
-75.672	-.2189	8.855	-.7013	-1.403	-.0008603
-74.777	-.1064	10.755	-.6273	-1.403	-.0010744
-78.524	-.1308	8.203	.2607	-1.403	-.0010149
-77.032	-.3905	8.93	.7110	-1.403	-.0008552
-77.513	.3457	9.722	.2396	-1.402	-.0011486
-75.912	-.5200	9.62	.5817	-1.401	-.0009321
-76.704	.3730	11.757	-.1249	-1.400	-.0012379
-79.203	-.2158	9.994	-.1476	-1.399	-.0010281
-71.601	.0518	9.921	-.2027	-1.399	-.0011167
-76.463	.0613	12.383	.2695	-1.399	-.0010959
-73.894	-.2755	7.126	-.3019	-1.398	-.0011082
-78.281	.5637	8.95	.5237	-1.398	-.0008873
-74.302	.6094	9.36	.3816	-1.397	-.0010170
-79.421	-.2091	10.506	-.2619	-1.397	-.0010941
-80.869	.3283	11.501	.3092	-1.396	-.0008754
-76.267	-.0882	9.569	.1450	-1.395	-.0010112
-73.634	.2037	9.35	-.6807	-1.395	-.0008802
-75.905	-.2751	8.8	.1447	-1.394	-.0010932
-76.009	-.0697	10.099	.5923	-1.393	-.0011414
-78.418	-.5587	9.758	.5143	-1.393	-.0009296
-79.161	.0050	9.92	.7504	-1.392	-.0009011
-76.075	.1188	8.534	-.2543	-1.392	-.0010444
-78.373	-.1173	8.487	.0482	-1.392	-.0008068
-72.723	.4491	10.07	.4438	-1.391	-.0009911
-76.112	-.3189	12.495	.3622	-1.391	-.0010008
-77.542	.3882	9.805	-.0173	-1.390	-.0012186
-74.979	-.2267	8.488	-.4016	-1.390	-.0012649
-80.417	.2462	11.479	.1134	-1.388	-.0010291
-75.631	-.0016	6.226	-.0131	-1.388	-.0010514
-79.351	.2278	8.297	-.4795	-1.388	-.0009812
-76.557	.0023	10.32	.8878	-1.387	-.0012892
-73.567	.3449	8.727	.3227	-1.386	-.0011264
-73.368	.0775	8.058	.2467	-1.386	-.0011870
-77.671	.2195	8.041	-.4000	-1.385	-.0012409
-75.770	-.0273	6.876	.0942	-1.384	-.0011913
-73.004	.6222	10.645	-.3706	-1.384	-.0011128
-77.874	.0800	12.131	.4200	-1.384	-.0011934
-77.905	.4884	10.939	-.2221	-1.383	-.0012459
-72.464	.2712	10.766	-.4114	-1.382	-.0010412
-76.118	-.5743	10.783	.5058	-1.382	-.0009636
-73.663	.5608	9.568	.3700	-1.382	-.0013146
-76.330	-.5859	10.26	-.5250	-1.381	-.0011333
-75.096	.4374	9.347	.7408	-1.381	-.0010965
-75.671	-.3786	8.261	.2681	-1.379	-.0010337
-80.535	-.4181	8.897	.3451	-1.379	-.0008678
-74.233	.3897	7.4	.3501	-1.377	-.0009609
-76.053	.5584	10.306	.1464	-1.376	-.0011654
-72.786	-.1281	9.345	-.0015	-1.376	-.0010102
-74.601	-.0648	6.529	-.2534	-1.374	-.0010212
-73.899	-.0823	9.723	-.1682	-1.374	-.0009568
-77.346	.4442	8.837	.0582	-1.374	-.0011970
-74.967	-.1142	8.638	-.5197	-1.374	-.0013169
-76.329	-.5994	11.877	-.2852	-1.373	-.0010146
-73.138	-.4276	10.185	.1621	-1.372	-.0010765
-77.836	-.4222	11.686	.5582	-1.372	-.0008823
-73.436	.0074	11.125	.4818	-1.370	-.0009965
-74.346	-.5178	10.813	-.2879	-1.369	-.0012268
-77.935	.1656	10.36	-.8614	-1.369	-.0010776
-79.127	.3397	11.539	.1630	-1.367	-.0010900
-79.325	-.0598	10.167	.1214	-.526	-.0010857
-76.009	.6333	8.272	-.5490	-.525	-.0009348
-79.076	.6050	11.832	-.2438	-.525	-.0009647
-79.707	-.4154	9.265	.0493	-.522	-.0008340
-75.984	-.4251	9.515	.5909	-.522	-.0009985
-75.439	-.3564	10.0	-.8427	-.521	-.0011281
-75.977	-.7253	11.638	.3888	-.521	-.0010218
-77.705	.2326	10.924	.1827	-.521	-.0008466
-76.606	-.2816	9.639	.3032	-.520	-.0012184
-74.806	-.1908	9.62	-.4618	-.519	-.0013024
-79.181	-.4888	10.868	-.7011	-.518	-.0008212
-76.841	.3143	9.047	.3204	-.518	-.0010720
-73.082	.2873	9.904	-.3895	-.516	-.0010907
-76.988	-.2227	9.221	-.6312	-.515	-.0009469
-75.426	-.6584	7.79	.1257	-.515	-.0009349
-76.283	-.2103	8.085	-.1260	-.515	-.0010012
-74.735	.2066	6.809	-.0175	-.515	-.0010028
-77.018	.2870	8.058	.1136	-.514	-.0008175
-76.100	-.3694	9.536	-.3629	-.512	-.0011219
-74.496	.2564	9.942	.2655	-.512	-.0010843
-75.467	-.2075	12.457	.5397	-.512	-.0009589
-77.029	-.3661	10.449	-.0766	-.511	-.0010576
-72.633	.2016	10.436	.2325	-.511	-.0011759
-73.966	-.3732	9.635	-.0607	-.511	-.0010650
-76.637	.3424	10.854	-.4079	-.510	-.0008576
-74.972	-.2173	12.028	.1494	-.510	-.0011823
-74.538	-.2607	11.402	-.3723	-.510	-.0010012
-73.850	-.5635	9.624	-.1138	-.508	-.0009648
-75.964	-.3250	9.081	-.3253	-.508	-.0011313
-74.532	-.1996	12.163	.4687	-.507	-.0011236
-74.527	.1624	10.221	.0244	-.507	-.0012749
-76.595	-.5312	10.237	-.4840	-.507	-.0008525
-76.965	-.2314	13.008	.2486	-.506	-.0009142
-78.362	.0476	9.987	-.5745	-.506	-.0012498
-76.613	-.5318	10.698	.2633	-.505	-.0011207
-77.347	.0620	11.74	.0395	-.504	-.0009587
-72.390	-.2110	8.687	.0376	-.504	-.0009143
-71.703	.4151	10.255	-.0935	-.504	-.0011282
-75.459	.3422	10.234	.2196	-.503	-.0012182
-77.581	-.2398	9.413	-.6173	-.503	-.0010766
-73.524	-.0768	11.522	.2575	-.503	-.0013066
-78.894	-.1655	8.997	-.6227	-.501	-.0011105
-77.987	-.0598	11.975	-.2829	-.500	-.0011866
-78.845	-.1813	10.198	-.3250	-.500	-.0011518
-79.356	-.0389	9.306	.4208	-.499	-.0009097
-78.516	-.0384	9.127	.7584	-.498	-.0009510
-76.226	.4606	12.4	.3172	-.498	-.0009107
-77.769	.2451	8.844	-.8132	-.497	-.0011083
-73.462	-.0535	10.452	.6790	-.495	-.0011510
-73.570	-.1250	13.103	.0266	-.494	-.0011447
-72.948	-.5005	8.965	.3288	-.494	-.0012962
-76.713	-.3222	10.301	-.2834	-.493	-.0012061
-76.930	-.6277	9.737	.0439	-.492	-.0008412
-77.849	.4514	9.194	-.1570	-.492	-.0010612
-78.900	-.5534	9.003	-.2503	-.488	-.0008722
-78.338	.1038	11.32	-.2863	-.487	-.0010578
-77.336	.0102	8.576	-.2208	-.487	-.0010886
-77.435	.0655	10.312	.0446	-.486	-.0011234
-76.426	-.2387	12.626	-.3083	-.486	-.0009481
-75.348	-.6298	10.704	.3355	-.483	-.0009026
-75.832	.1905	8.775	.2466	-.483	-.0010298
-75.132	.2011	9.548	-.8195	-.483	-.0012835
-75.485	.0853	10.814	.4031	-.482	-.0008910
-76.542	.4752	8.567	.3617	-.481	-.0011408
-73.016	.0883	11.384	-.2696	-.481	-.0009038
-78.979	-.0637	11.308	.5660	-.481	-.0008772
-78.141	.3321	10.357	-.1514	-.481	-.0011518
-75.784	.3460	12.641	.0689	-.480	-.0010330
-78.725	-.3264	10.939	-.0041	-.480	-.0010396
-74.552	.0731	9.92	.3419	-.480	-.0008525
-76.562	.7379	10.299	-.1859	-.478	-.0010620
-73.921	-.0070	10.663	-.0268	-.477	-.0012082
-74.639	-.5130	10.268	.4340	-.477	-.0011934
-75.928	.0751	7.405	.2789	-.477	-.0012163
-76.707	.5488	9.627	.0603	-.475	-.0009011
-76.477	-.5303	11.41	-.3403	-.475	-.0008925
-77.322	-.4092	11.502	-.1193	-.474	-.0009763
-75.497	-.4855	9.128	-.3329	-.473	-.0011036
-75.264	-.3060	8.307	-.4012	-.471	-.0012846
-76.562	-.5376	8.329	-.7514	-.471	-.0008989
-72.601	-.0852	8.551	-.2200	-.470	-.0010965
-79.035	-.1295	7.556	-.0147	-.467	-.0009844
-76.395	-.6000	11.97	-.1023	-.466	-.0012121
-73.501	-.4218	11.928	-.5860	-.466	-.0011279
-72.064	.1240	10.877	.2683	-.465	-.0011959
-72.741	.2610	8.818	-.6573	-.464	-.0012506
-75.607	-.1498	9.9	-.3267	-.463	-.0012307
-78.094	.3749	10.847	-.7320	-.463	-.0011268
-73.922	.1344	9.909	.5931	-.462	-.0010938
-78.970	.2811	12.656	-.1057	-.461	-.0010229
-73.240	.1295	10.077	.3484	-.461	-.0010754
-75.758	.2253	7.386	.3489	-.460	-.0009032
-72.096	.2029	8.077	-.1282	-.460	-.0010124
-78.234	.2448	10.129	-.4559	-.460	-.0009587
-75.120	.4198	9.011	.8651	-.460	-.0010398
-78.561	-.0235	8.265	-.4720	-.460	-.0010297
-74.543	-.2722	9.976	-.0471	-.459	-.0010246
-79.243	.2060	9.844	-.1636	-.455	-.0011354
-76.744	.1213	9.973	-.5698	-.454	-.0010406
-76.532	.3162	9.597	-.0593	-.454	-.0010893
-76.722	-.0596	9.453	.6994	-.453	-.0010693
-75.370	.3580	8.254	.4740	-.453	-.0012030
-77.917	-.5167	11.738	-.0508	-.453	-.0010981
-78.522	.4988	10.989	-.2231	-.451	-.0008919
-77.489	-.1066	8.993	.8201	-.451	-.0011454
-76.381	-.2002	9.968	.2548	-.449	-.0008202
-80.362	.3980	10.703	.1670	-.449	-.0009499
-78.253	-.6915	9.662	.3432	-.448	-.0011084
-72.726	-.3354	9.101	-.1483	-.448	-.0010509
-74.245	-.1867	8.236	-.6923	-.447	-.0009858
-74.586	-.6992	9.318	.3460	-.446	-.0009396
-74.940	.0249	7.951	.2377	-.442	-.0010713
-74.184	-.0071	13.169	.2546	-.442	-.0011692
-77.124	-.0018	9.806	-.7759	-.441	-.0011970
-77.175	.5733	11.408	.6700	-.441	-.0011080
-75.501	-.2358	9.303	.5589	-.441	-.0010866
-78.808	-.1301	13.349	-.0908	-.440	-.0008459
-76.833	-.0947	10.473	.1363	-.440	-.0010741
-78.952	.3608	11.192	.3180	-.440	-.0010689
-72.419	-.3549	9.85	.0675	-.440	-.0010978
-78.160	-.2986	7.974	-.1608	-.439	-.0009101
-76.834	-.0362	10.265	1.0541	-.438	-.0010560
-73.318	.0933	7.514	.1656	-.437	-.0011323
-74.179	.3069	10.786	.5307	-.437	-.0012718
-74.126	.3022	6.746	-.0386	-.437	-.0009392
-79.952	-.0990	8.919	.0131	-.436	-.0008895
-73.333	-.5638	7.926	-.1939	-.436	-.0010895
-77.436	-.2730	8.617	-.0236	-.435	-.0008188
-78.544	.5779	10.476	.2645	-.435	-.0011746
-76.475	.5387	9.712	.1161	-.434	-.0010207
-72.462	.0511	8.924	.8575	-.431	-.0012389
-74.459	-.2568	10.551	.6047	-.431	-.0010165
-74.646	.2887	7.419	-.4322	-.430	-.0009648
-77.777	-.4672	9.702	.5259	-.430	-.0012140
-73.724	-.0017	12.183	.1404	-.430	-.0013034
-73.887	-.1959	7.362	-.3190	-.429	-.0012562
-77.135	-.0643	12.842	.4843	-.429	-.0009881
-75.891	.1295	13.204	-.3110	-.428	-.0010168
-77.806	-.6159	9.234	.2633	-.427	-.0009381
-74.867	.3299	9.471	-.1442	-.424	-.0011637
-75.494	-.0747	9.958	-.1620	-.424	-.0013048
-75.474	.7966	9.149	.1649	-.424	-.0009136
-74.467	.0328	7.27	.6201	-.422	-.0011263
-76.311	-.1853	8.296	-.3795	-.421	-.0010757
-76.493	.6889	8.136	-.3777	-.421	-.0008739
-74.351	-.0738	7.342	-.2513	-.420	-.0010839
-74.197	.3931	7.645	-.3149	-.420	-.0009938
-75.974	.5851	10.43	.4569	-.420	-.0011260
-77.459	.3615	8.83	.1270	-.419	-.0011358
-76.424	-.3105	10.031	.9599	-.419	-.0010988
-77.334	.1943	8.587	.0579	-.419	-.0010651
-74.714	-.0437	12.211	-.5840	-.418	-.0008547
-75.493	.4932	9.843	-.4787	-.418	-.0008631
-73.758	-.1746	8.301	.1967	-.416	-.0009096
-77.522	-.2578	11.489	-.0955	-.414	-.0011892
-74.461	-.3662	13.011	-.1935	-.414	-.0010493
-76.965	.4123	8.585	-.1074	-.411	-.0008382
-78.227	-.0109	11.243	.2411	-.411	-.0009174
-76.818	.5734	10.796	.2082	-.411	-.0011215
-78.913	-.3261	8.343	.3524	-.410	-.0009279
-73.682	-.0639	9.928	-.1148	-.409	-.0009806
-76.012	-.1131	8.838	-.4779	-.406	-.0010065
-74.165	-.6847	11.326	-.0712	-.406	-.0009185
-75.751	.1478	13.344	.0098	-.406	-.0012265
-77.358	.1033	12.736	.5639	-.405	-.0010531
-76.995	.1158	7.422	.6634	-.404	-.0009568
-79.063	-.3397	9.878	-.7665	-.404	-.0010283
-76.396	.6133	8.805	-.6729	-.404	-.0011549
-76.426	-.2270	12.853	.4549	-.403	-.0012028
-74.741	-.0593	8.616	.0531	-.401	-.0012616
-77.975	-.5850	9.112	.0850	-.401	-.0008665
-75.928	.3121	13.08	-.1914	-.400	-.0011436
-76.447	.4019	12.896	-.0569	-.399	-.0008254
-75.554	.4624	10.66	.3011	-.396	-.0010338
-78.934	.2757	8.22	.5292	-.396	-.0010306
-71.588	.1771	10.753	-.0019	-.396	-.0011140
-78.609	-.2183	8.338	.2191	-.396	-.0011734
-75.901	-.1036	12.616	-.0269	-.396	-.0012639
-79.103	-.5567	10.078	-.2532	-.395	-.0009467
-77.369	-.1862	9.186	.2545	-.394	-.0009609
-77.277	-.1910	7.942	.7698	-.394	-.0011462
-74.998	-.1460	8.207	.4368	-.394	-.0009504
-77.489	-.2430	8.601	-.3449	-.391	-.0007935
-76.505	-.4059	6.509	-.2021	-.391	-.0010997
-77.958	-.3592	9.311	-.1477	-.391	-.0009628
-75.409	.7500	9.569	-.4368	-.387	-.0010857
-76.912	-.4768	8.514	.0146	-.386	-.0011647
-71.905	.1152	11.726	-.5149	-.386	-.0011284
-73.886	-.1651	8.77	.0502	-.386	-.0011537
-78.138	-.3424	9.948	.0816	-.383	-.0009045
-77.506	-.2903	11.715	-.8451	-.383	-.0009544
-71.495	-.2423	9.235	-.2805	-.383	-.0011834
-79.745	.0961	11.668	.1049	-.383	-.0008744
-74.161	.0991	8.055	.4859	-.382	-.0010842
-74.271	.4347	6.946	.2557	-.382	-.0011523
-77.159	.2342	12.034	-.2474	-.382	-.0010194
-78.164	.1414	11.988	.4254	-.381	-.0010351
-74.734	-.0446	9.235	.7656	-.381	-.0012779
-75.314	-.4957	11.189	-.4914	-.380	-.0011968
-79.531	.0894	11.956	-.4391	-.378	-.0010394
-75.998	-.0758	6.732	.0224	-.377	-.0008505
-76.082	.4292	10.389	-.4480	-.374	-.0010622
-71.783	.1561	10.629	-.0632	-.373	-.0012893
-73.835	-.1698	7.677	-.1404	-.372	-.0012278
-77.218	-.2423	10.668	.8163	-.372	-.0011275
-77.349	-.1715	10.304	-.7802	-.372	-.0012291
-77.474	-.7182	9.26	.5685	-.372	-.0010187
-75.297	-.0439	12.828	-.4275	-.372	-.0011053
-78.194	.0414	10.36	-.0984	-.372	-.0011147
-75.040	-.3631	8.008	.2111	-.367	-.0012533
-75.418	.1562	10.587	-.6830	-.366	-.0010048
-73.489	-.6773	8.782	-.1750	-.365	-.0012614
-76.097	.1270	9.278	-.0619	-.365	-.0009318
-77.650	.3629	9.792	-.0629	-.363	-.0010290
-73.273	-.0553	12.058	.1692	-.363	-.0011338
-79.880	.0894	9.372	.2128	-.363	-.0009002
-77.516	.0903	9.698	-.7240	-.363	-.0008889
-72.194	-.1249	11.246	-.6488	-.362	-.0011913
-79.088	.4057	10.818	-.7195	-.362	-.0010342
-77.433	.5998	9.689	-.2420	-.361	-.0011379
-77.043	.0869	11.413	-.4551	-.360	-.0009645
-73.530	.3990	10.18	.4948	-.360	-.0012632
-77.651	-.0651	9.889	-.0201	-.359	-.0010423
-75.071	-.2539	8.837	-.4927	-.358	-.0010788
-75.170	.1728	10.016	.3567	-.357	-.0009804
-73.318	-.2747	11.498	-.0495	-.357	-.0010734
-74.170	.2343	12.25	-.3877	-.355	-.0011622
-76.237	-.5611	9.133	.0066	-.354	-.0010262
-74.834	.4128	10.681	-.5288	-.352	-.0008228
-78.076	.2112	11.456	-.2730	-.352	-.0012080
-74.635	.3339	12.726	.1940	-.352	-.0010098
-80.549	-.0320	9.609	.2541	-.351	-.0010019
-76.564	-.1191	11.54	.2802	-.350	-.0011280
-80.492	-.2049	9.77	.1971	-.350	-.0010316
-79.431	.0051	8.705	-.4529	-.349	-.0010693
-73.686	.4103	11.229	.2874	-.349	-.0008807
-75.059	-.1977	11.948	.2628	-.349	-.0009869
-72.270	-.0451	12.972	.2594	-.345	-.0011809
-75.813	.3403	10.742	-.0609	-.345	-.0011807
-77.827	-.4026	11.417	-.4647	-.344	-.0009107
-76.116	.6217	8.239	-.0037	-.344	-.0008963
-77.455	.1467	7.607	-.3816	-.344	-.0010506
-78.863	-.4932	9.877	-.3527	-.343	-.0012704
-78.394	.5931	11.724	-.3692	-.343	-.0010251
-75.724	-.5678	10.313	.0084	-.342	-.0010695
-78.257	-.1814	11.978	-.3007	-.340	-.0008719
-78.767	-.0317	13.118	.1884	-.340	-.0010966
-76.761	.3010	12.371	-.3918	-.338	-.0010776
-73.696	.2935	11.331	-.3773	-.336	-.0010980
-75.356	.1270	8.975	.5305	-.336	-.0008971
-77.155	-.3228	8.995	-.6466	-.336	-.0010034
-75.487	-.3177	9.795	.5166	-.333	-.0009715
-78.888	.3899	8.595	-.1584	-.332	-.0008415
-73.793	-.5605	8.179	-.2227	-.332	-.0011080
-76.544	.4582	7.323	.2012	-.332	-.0011666
-76.458	-.5378	7.375	.3836	-.331	-.0010564
-76.855	.1082	6.62	.1434	-.330	-.0010684
-71.947	.2799	10.016	.0707	-.330	-.0012551
-74.649	.1483	12.657	-.1038	-.330	-.0012364
-75.955	.0631	11.4	-.5299	-.330	-.0011764
-74.808	.3081	8.139	.0794	-.329	-.0010606
-79.293	.5382	9.577	-.1321	-.326	-.0010013
-76.004	.1015	7.112	-.5364	-.324	-.0010201
-73.513	-.5031	8.341	-.0993	-.323	-.0008808
-78.123	-.0806	10.818	-.1951	-.322	-.0009825
-71.214	.1168	11.646	.1992	-.321	-.0011848
-72.633	.3437	10.952	.4064	-.321	-.0010816
-78.127	-.0505	9.365	-.7539	-.320	-.0009667
-73.042	.2652	11.608	-.2764	-.319	-.0011125
-80.282	.0918	8.517	-.5089	-.319	-.0008496
-78.061	-.0015	9.285	.7422	-.318	-.0008250
-74.591	-.2556	12.389	.1809	-.315	-.0009659
-73.901	-.5980	11.758	.3563	-.315	-.0012888
-74.635	.4770	8.333	.2780	-.314	-.0011545
-76.568	.0547	12.306	.3415	-.313	-.0011650
-76.645	.4950	9.414	-.0943	-.313	-.0008987
-76.415	-.3467	10.378	.2113	-.313	-.0011371
-75.577	.4325	7.719	-.0726	-.312	-.0011718
-77.703	-.5581	8.4	.3962	-.312	-.0009155
-75.344	.2011	13.333	-.2271	-.310	-.0011153
-76.943	.5778	8.252	.6995	-.305	-.0009282
-73.464	-.4967	11.429	-.0066	-.304	-.0011806
-74.422	-.3964	9.069	-.4271	-.304	-.0011735
-79.613	.3789	9.344	.1446	-.303	-.0009970
-75.383	-.1315	9.823	-.3424	-.303	-.0009408
-75.757	.0269	10.391	-.4478	-.303	-.0012868
-76.890	-.2338	10.663	.5687	-.302	-.0009036
-74.537	-.0194	12.139	-.6344	-.299	-.0012165
-76.967	.1468	9.307	.0924	-.298	-.0010655
-74.473	-.2161	8.003	-.8999	-.298	-.0011625
-73.295	.0532	12.393	-.1201	-.296	-.0011823
-75.739	-.3637	9.818	-.0322	-.296	-.0011299
-77.212	-.4005	9.965	-.5654	-.296	-.0010269
-74.478	.1084	12.293	.3824	-.296	-.0012483
-81.205	.2268	8.754	.1211	-.295	-.0007987
-77.622	.3339	10.751	.2392	-.294	-.0011615
-77.520	.7280	8.822	.3183	-.293	-.0011319
-74.727	-.0346	6.22	.2556	-.293	-.0011842
-73.184	-.5056	8.708	-.3980	-.293	-.0010512
-76.943	.3591	9.942	-.7411	-.292	-.0012039
-77.811	-.1967	11.731	.2999	-.292	-.0009569
-74.949	-.5325	12.228	-.0754	-.292	-.0009374
-74.702	-.6773	10.979	-.0066	-.291	-.0008731
-77.455	.2887	9.236	-.2972	-.290	-.0011391
-72.250	.3631	8.78	.4392	-.289	-.0011866
-77.213	-.2546	9.591	.9290	-.289	-.0008333
-79.368	-.2127	8.624	-.1708	-.288	-.0009629
-72.720	.0947	11.859	-.3870	-.288	-.0012518
-76.385	-.2233	7.743	-.5645	-.288	-.0010932
-74.811	-.2088	10.673	.4648	-.288	-.0011412
-76.832	.4448	7.53	-.2690	-.287	-.0010652
-75.016	.2486	10.176	.3762	-.287	-.0013154
-76.912	-.4329	8.41	.6017	-.285	-.0009315
-72.786	.2253	8.637	-.4484	-.285	-.0009746
-71.843	.1939	10.6	-.0149	-.284	-.0010937
-73.368	-.0883	11.786	-.0430	-.284	-.0011006
-74.568	-.2760	6.808	.4280	-.282	-.0010755
-78.735	.5091	10.052	-.1545	-.282	-.0010616
-77.234	-.6130	8.743	.5893	-.281	-.0008454
-75.354	.5630	12.029	-.2356	-.280	-.0009889
-74.407	.0768	9.915	-.1980	-.280	-.0012813
-76.652	-.5159	9.078	-.7281	-.280	-.0010413
-74.564	-.0763	8.516	.0382	-.280	-.0009776
-75.633	.6443	10.202	.0707	-.279	-.0009545
-76.668	.6900	9.343	-.0736	-.279	-.0009821
-78.565	-.5242	10.387	.4274	-.278	-.0011255
-77.252	-.3261	11.308	-.2395	-.277	-.0010223
-73.855	-.0759	11.694	.3754	-.276	-.0011885
-73.537	.1361	10.126	-.3835	-.275	-.0011046
-72.727	.0523	10.447	.7238	-.275	-.0011677
-76.657	.1337	7.169	.1687	-.274	-.0012368
-73.705	-.4674	10.331	-.5332	-.273	-.0011251
-77.171	.3800	10.595	.8758	-.273	-.0008280
-72.782	-.4383	11.891	-.5540	-.273	-.0011694
-74.877	.2247	11.618	.9093	-.272	-.0011148
-75.954	.1118	7.507	.6043	-.272	-.0009161
-74.245	-.0869	11.399	-.4144	-.271	-.0011257
-78.400	-.1098	7.939	-.0256	-.269	-.0009813
-76.033	-.7400	11.666	-.2016	-.269	-.0011325
-77.825	.2914	10.903	-.2528	-.268	-.0010810
-75.245	.3263	11.626	.7300	-.265	-.0011816
-76.539	.7871	9.476	-.3988	-.265	-.0010286
-74.094	-.0797	10.875	-.5681	-.264	-.0009993
-78.537	-.2523	9.807	.7162	-.263	-.0009555
-79.004	.0189	8.131	-.6902	-.263	-.0010181
-77.516	.4240	9.228	.1916	-.263	-.0009132
-74.911	.4352	11.987	.0900	-.262	-.0008787
-77.123	-.4388	8.902	-.4888	-.262	-.0010728
-78.750	-.1048	9.568	.6506	-.262	-.0009838
-75.458	.1678	9.52	.1988	-.261	-.0011687
-76.552	-.7140	10.214	-.5445	-.261	-.0010519
-76.736	-.6312	9.769	-.0126	-.261	-.0011823
-75.779	.7793	11.181	.2235	-.260	-.0012570
-75.909	.4834	11.342	-.2175	-.257	-.0009247
-74.704	-.5010	7.721	.0710	-.257	-.0009535
-73.430	-.5033	9.297	-.2245	-.257	-.0010441
-75.633	.6481	8.642	.2441	-.257	-.0009734
-76.660	-.2888	9.865	.5870	-.256	-.0012236
-76.277	.3628	9.478	.7210	-.254	-.0010211
-75.579	-.1875	11.794	-.1060	-.253	-.0012153
-77.630	.3159	10.118	.0524	-.253	-.0010993
-77.361	-.3011	9.295	.5985	-.253	-.0012149
-79.877	-.1993	8.485	-.4883	-.252	-.0009898
-78.648	-.5226	8.599	.5618	-.252	-.0010341
-76.210	.7061	11.772	-.2490	-.250	-.0012377
-77.010	.4155	12.495	.3291	-.249	-.0011072
-74.616	.3032	6.744	-.4245	-.249	-.0010375
-72.370	.0422	11.509	-.2377	-.249	-.0010034
-72.000	-.5266	10.14	-.1435	-.248	-.0012088
-78.665	-.4048	11.79	-.3391	-.247	-.0010115
-78.116	-.1394	11.784	.9215	-.245	-.0009025
-76.700	-.0368	10.489	.7297	-.244	-.0010983
-80.389	.2499	9.782	-.6842	-.243	-.0008914
-76.287	-.5791	10.747	.2552	-.242	-.0009702
-76.850	-.4396	8.134	.4508	-.242	-.0010975
-73.666	-.4901	10.711	.3518	-.242	-.0011648
-73.272	.0981	10.328	-.5616	-.241	-.0011651
-76.658	.0278	9.731	.0002	-.241	-.0010189
-73.534	-.0305	10.411	-.4492	-.239	-.0012392
-77.033	-.3080	11.009	-.7568	-.238	-.0011058
-72.332	-.5627	10.093	.2817	-.238	-.0011775
-71.721	.1622	9.407	-.0822	-.236	-.0011198
-74.200	.3375	10.011	-.2708	-.236	-.0011106
-74.450	-.5104	11.464	-.5311	-.236	-.0011732
-79.275	.0395	8.735	-.6810	-.235	-.0009823
-75.886	.2636	11.444	-.0343	-.234	-.0009795
-79.999	.1283	8.616	-.6315	-.233	-.0009520
-73.725	.1530	11.737	.3279	-.231	-.0008488
-74.328	.6979	10.168	-.3326	-.229	-.0012575
-74.878	-.0473	9.243	.2479	-.229	-.0011979
-72.084	.0123	9.734	-.5535	-.229	-.0011331
-71.535	-.2605	8.766	.3336	-.228	-.0012340
-72.392	-.1865	10.436	-.0779	-.228	-.0012837
-72.798	.0703	9.705	.3232	-.227	-.0009225
-77.219	-.0054	10.475	.3208	-.226	-.0008865
-78.213	.1365	6.719	.3725	-.226	-.0008850
-75.613	-.5672	12.032	-.0646	-.225	-.0009722
-76.686	.1716	8.801	.2432	-.225	-.0011878
-74.273	-.1539	9.655	.3179	-.224	-.0012785
-77.084	-.1935	7.597	-.2343	-.224	-.0011429
-76.494	.0890	11.051	.8242	-.223	-.0008675
-75.904	-.0779	12.25	.6208	-.222	-.0011401
-74.412	-.2215	9.923	.1757	-.221	-.0008452
-74.799	-.1901	6.987	-.3051	-.221	-.0010256
-76.209	-.2412	9.765	-.0019	-.219	-.0012119
-76.348	.6335	8.806	.2820	-.219	-.0008869
-77.478	-.2650	10.846	.2907	-.219	-.0010855
-72.841	.1482	10.976	-.4229	-.218	-.0012394
-78.569	.4158	10.409	-.6743	-.216	-.0011256
-74.877	-.1379	7.792	-.6087	-.216	-.0010397
-75.036	-.1993	12.856	-.0338	-.215	-.0008961
-80.373	-.1437	12.514	-.2435	-.215	-.0008468
-76.461	.4482	10.788	-.4119	-.214	-.0008772
-74.855	-.0137	9.018	.3031	-.214	-.0009193
-77.021	.0108	8.947	-.3366	-.213	-.0008691
-79.432	.2945	11.55	.2917	-.212	-.0010686
-77.436	-.3458	8.809	.4212	-.212	-.0011829
-77.013	.4461	9.476	-.3839	-.211	-.0009306
-77.768	-.1208	10.094	.6915	-.210	-.0010935
-75.627	-.2032	8.2	-.7058	-.209	-.0010837
-73.304	-.0252	12.464	-.0753	-.208	-.0010248
-76.360	.1027	11.928	.8348	-.207	-.0011060
-78.671	-.0731	8.369	-.5573	-.207	-.0012085
-78.232	-.4514	9.481	-.2581	-.204	-.0012026
-78.188	-.0853	11.914	-.4050	-.204	-.0011418
-77.860	.6268	11.366	-.5521	-.202	-.0009067
-74.468	.2316	7.968	-.1087	-.202	-.0011939
-76.393	-.7073	9.218	-.2638	-.202	-.0010911
-76.122	.3206	10.285	.0843	-.202	-.0012142
-75.737	.6275	11.752	.3782	-.202	-.0010024
-74.779	-.0220	10.008	.2320	-.201	-.0012406
-79.244	.1274	10.188	.2093	-.201	-.0011448
-76.363	.0268	6.301	.1776	-.200	-.0011851
-76.609	-.1772	10.286	.6064	-.200	-.0009361
-77.380	-.3813	7.132	-.4031	-.200	-.0011625
-76.040	.1554	7.195	-.3146	-.199	-.0011914
-75.830	.6583	7.563	.1213	-.199	-.0012823
-74.115	-.4035	9.656	.4180	-.198	-.0011439
-76.183	.3170	11.599	.8447	-.198	-.0011847
-77.614	-.0808	12.723	-.4683	-.198	-.0009291
-77.723	.0191	7.162	.1268	-.198	-.0011788
-80.560	-.1999	8.634	.2182	-.197	-.0009511
-77.669	-.1345	7.099	.4341	-.197	-.0011199
-78.645	-.2105	7.891	-.2668	-.196	-.0010954
-76.377	.6897	9.8	-.0196	-.195	-.0008501
-77.010	-.4033	11.467	.0172	-.194	-.0009011
-77.019	-.6580	11.646	.1220	-.193	-.0010025
-77.453	.2667	8.508	.1697	-.193	-.0012160
-76.850	.0938	10.076	-.9082	-.192	-.0011877
-76.447	-.6464	10.92	.3833	-.190	-.0010182
-75.096	.4903	10.265	-.0572	-.190	-.0010615
-72.353	.3302	11.836	-.2858	-.188	-.0012796
-75.095	.0795	12.002	-.0256	-.187	-.0007992
-77.001	-.2342	8.911	-.4633	-.187	-.0010727
-74.092	-.2544	7.018	-.0369	-.187	-.0008402
-74.479	-.2059	12.189	.1231	-.186	-.0010873
-74.443	-.0153	10.938	-.6491	-.186	-.0011240
-75.103	.0341	8.089	.6012	-.185	-.0008531
-78.696	-.4510	9.407	-.2611	-.185	-.0011998
-79.669	.1918	9.916	-.7639	-.184	-.0008206
-75.108	.2670	8.539	.6325	-.183	-.0008520
-74.425	-.1117	10.536	.9128	-.182	-.0011438
-76.495	.7327	9.179	-.0852	-.182	-.0010257
-77.669	.1127	10.383	.3716	-.182	-.0012468
-76.483	.0946	11.145	-.6450	-.182	-.0010955
-75.387	.0900	10.92	.9302	-.181	-.0009787
-75.794	.0839	8.808	-.4932	-.180	-.0009249
-75.371	.0874	7.47	.3962	-.180	-.0011878
-74.807	.7536	10.57	-.1499	-.180	-.0011985
-74.899	-.5774	8.571	-.0810	-.179	-.0011308
-76.812	-.2240	9.662	-.3280	-.178	-.0009457
-73.700	-.0743	12.51	-.5003	-.178	-.0010542
-76.387	-.2226	9.457	.1153	-.177	-.0008738
-74.525	.6143	8.85	-.3487	-.177	-.0010740
-75.601	.4099	10.724	.7454	-.177	-.0010657
-76.467	.1102	11.795	-.2394	-.177	-.0010956
-75.194	-.1743	11.973	.1541	-.177	-.0010754
-72.961	.4275	12.075	.5300	-.175	-.0011698
-77.001	.4759	8.46	-.2591	-.175	-.0009017
-75.774	.2437	10.165	.4006	-.175	-.0012617
-72.494	.1667	8.706	.3775	-.175	-.0012139
-74.201	-.6389	11.14	.1742	-.175	-.0008098
-72.999	-.1628	11.588	.7293	-.173	-.0010580
-75.291	-.4449	9.352	.7713	-.171	-.0011143
-76.794	.0782	9.953	-.6918	-.170	-.0010565
-75.551	-.3889	13.091	-.0328	-.170	-.0010592
-74.349	-.7128	10.705	-.2576	-.169	-.0011926
-75.920	-.4691	8.997	-.1347	-.169	-.0012823
-72.079	-.2420	8.78	-.3852	-.169	-.0011864
-78.843	-.3651	11.206	.7491	-.167	-.0009087
-74.566	-.3309	8.044	-.2337	-.166	-.0011465
-79.002	-.0065	10.377	-.3937	-.166	-.0008681
-77.670	.4403	9.826	.5458	-.165	-.0010814
-80.743	-.3900	10.828	.4158	-.165	-.0008224
-78.016	-.0078	7.446	.0102	-.162	-.0010189
-77.993	-.1497	12.257	.0059	-.162	-.0007974
-74.781	-.5607	11.231	.2960	-.161	-.0008585
-76.576	-.0014	9.898	.1957	-.160	-.0009555
-74.406	.6928	9.741	.0421	-.159	-.0012370
-72.621	-.3264	9.714	.4978	-.159	-.0012753
-75.942	.3209	10.566	.2209	-.158	-.0011031
-77.674	-.4341	11.441	.2430	-.157	-.0010314
-73.471	.0753	12.372	.0040	-.156	-.0009554
-77.869	-.1581	9.896	.4034	-.155	-.0009230
-79.106	.0398	10.446	.3282	-.154	-.0009098
-75.082	.4099	10.719	.2718	-.154	-.0010935
-75.421	-.4611	7.507	.2978	-.151	-.0011964
-74.142	-.4420	8.755	.2907	-.150	-.0009683
-73.041	-.5214	10.98	.3817	-.150	-.0010839
-71.879	-.4330	10.194	.1856	-.150	-.0010603
-75.025	.1348	10.125	-.0225	-.149	-.0011837
-75.026	.1179	9.278	.1268	-.149	-.0011771
-72.415	-.5538	8.935	.2131	-.148	-.0012015
-78.896	.1695	12.343	-.1750	-.148	-.0008466
-80.120	-.1198	10.25	.2614	-.147	-.0009209
-74.067	.2346	11.99	.7402	-.147	-.0012572
-79.759	.3681	8.568	.0921	-.147	-.0010765
-79.738	.2307	9.386	-.2257	-.146	-.0007924
-76.264	-.2105	9.317	.6950	-.143	-.0008839
-74.747	-.0266	12.482	-.1216	-.142	-.0009701
-74.556	.1086	11.151	.1890	-.142	-.0011661
-76.239	-.0119	10.812	.3596	-.142	-.0008592
-73.185	.2464	12.874	.3059	-.141	-.0010618
-76.484	-.1443	9.276	.2635	-.141	-.0008777
-77.581	.0971	10.09	.5270	-.141	-.0009076
-78.915	-.0394	7.891	.3997	-.140	-.0011577
-78.738	.0104	7.221	.0642	-.139	-.0010716
-77.179	.4626	10.98	-.6274	-.138	-.0008163
-76.303	.1262	7.832	.2972	-.138	-.0009419
-77.686	.1100	8.822	.4151	-.138	-.0012192
-75.326	.4477	8.568	-.3845	-.137	-.0010289
-74.284	-.0531	9.78	.0524	-.137	-.0009414
-79.483	.2535	11.79	.0028	-.135	-.0010708
-76.108	-.4216	13.42	-.2241	-.135	-.0011680
-72.547	-.0278	8.818	-.3725	-.134	-.0010832
-76.004	-.4252	11.001	.4607	-.134	-.0010211
-77.475	-.2476	13.206	.3097	-.134	-.0008364
-79.116	.2978	11.594	-.4501	-.134	-.0009994
-78.246	-.3344	11.324	-.1915	-.132	-.0008618
-75.104	-.4297	10.302	.6859	-.130	-.0012528
-77.786	-.2860	6.664	.0294	-.130	-.0011613
-75.231	.3186	8.796	.1576	-.129	-.0008339
-78.002	.3712	12.839	.0644	-.127	-.0009502
-77.159	-.2372	13.284	-.1318	-.127	-.0009464
-75.975	-.0379	9.904	.0798	-.127	-.0011250
-73.732	.2032	11.414	-.6454	-.126	-.0011706
-74.439	-.0597	12.229	-.5557	-.124	-.0011286
-72.912	.0557	7.975	-.3589	-.121	-.0011857
-78.781	.2666	11.788	.4795	-.121	-.0009945
-74.378	-.4400	8.916	-.1903	-.120	-.0010991
-77.522	.4360	12.979	-.0756	-.120	-.0010878
-79.939	-.2179	11.842	-.6428	-.118	-.0008503
-77.400	.2117	9.514	.6190	-.117	-.0011671
-75.107	-.4202	9.808	.4707	-.116	-.0011527
-76.368	.2594	9.223	.5079	-.116	-.0010008
-76.766	.5768	10.541	-.4989	-.116	-.0011658
-78.195	.3094	10.19	-.3496	-.114	-.0009545
-75.537	-.0357	6.767	.5824	-.114	-.0009136
-76.602	.3175	12.022	-.3557	-.113	-.0009766
-75.070	.0038	11.314	-.2837	-.112	-.0011906
-76.871	.4176	9.36	-.0007	-.112	-.0008301
-77.107	.1426	9.159	-.7646	-.111	-.0011767
-73.303	.0003	10.134	.4395	-.111	-.0010522
-77.027	-.2948	12.213	.2960	-.111	-.0012098
-79.274	.6076	12.156	.0243	-.111	-.0008982
-73.423	-.0751	6.783	-.0554	-.110	-.0012504
-74.666	-.0700	9.522	.2160	-.110	-.0008329
-75.037	-.4946	10.174	-.5410	-.110	-.0012154
-76.203	-.6969	9.086	-.0372	-.109	-.0009636
-77.073	-.3134	12.573	-.1203	-.109	-.0009415
-74.860	-.5293	10.951	-.0135	-.108	-.0010666
-80.099	.2137	11.405	.2618	-.107	-.0009241
-72.371	.1073	12.407	-.2564	-.106	-.0011063
-75.366	.0835	8.201	.4515	-.106	-.0010959
-73.739	.4041	10.075	.1386	-.105	-.0010604
-74.988	-.0262	10.893	-.7979	-.103	-.0010007
-73.989	.0971	9.79	-.6575	-.101	-.0010500
-78.097	.3587	10.023	-.4651	-.101	-.0009743
-75.744	.2743	8.929	.0617	-.099	-.0009231
-76.406	-.6589	11.858	.2900	-.099	-.0010385
-76.626	-.1431	11.21	-.5878	-.097	-.0012628
-75.789	-.3156	8.142	-.2711	-.097	-.0011105
-77.015	-.1748	10.398	-.6397	-.096	-.0011170
-78.559	.1946	7.221	-.6576	-.096	-.0009042
-77.088	-.3358	7.584	-.0651	-.095	-.0009771
-76.172	-.1650	10.356	.4592	-.094	-.0009828
-74.964	.4626	6.94	-.3677	-.094	-.0009964
-79.454	-.0832	8.687	-.6458	-.093	-.0010034
-78.504	-.5124	8.381	-.5030	-.093	-.0010041
-72.385	-.2187	9.354	-.1964	-.093	-.0010787
-75.185	-.4252	10.363	-.7310	-.091	-.0011732
-75.410	.5160	11.184	.1538	-.090	-.0008398
-78.231	-.0564	8.059	-.9086	-.090	-.0009219
-73.762	.1330	11.789	-.4322	-.089	-.0011842
-74.416	.3410	11.533	.0860	-.089	-.0008947
-78.012	.3554	12.178	.2579	-.088	-.0010703
-77.086	.4021	10.174	.3318	-.088	-.0010836
-73.429	.5908	8.285	-.4794	-.087	-.0012674
-73.558	-.6263	10.221	-.1067	-.087	-.0012194
-75.832	.4959	9.074	-.2796	-.087	-.0012118
-75.849	.2069	12.418	.3337	-.086	-.0011923
-73.707	-.6870	9.849	.0140	-.086	-.0011751
-76.734	.0990	10.465	-.0369	-.083	-.0011150
-77.365	-.4847	9.455	.1469	-.082	-.0011517
-76.646	-.3152	9.691	.6521	-.081	-.0011039
-72.536	.1743	11.357	-.1524	-.078	-.0012532
-76.942	.2924	11.749	-.6045	-.077	-.0009890
-73.554	.0592	9.714	.2800	-.076	-.0010048
-77.620	.3602	12.591	.4389	-.074	-.0009925
-77.162	.2631	7.204	-.5493	-.074	-.0012340
-74.692	-.5421	7.836	-.2119	-.074	-.0010839
-77.109	.3793	8.537	.2258	-.071	-.0010014
-72.187	.3559	9.655	-.3697	-.071	-.0009858
-71.208	-.4137	10.036	.0044	-.070	-.0011552
-75.297	-.0078	13.103	.6174	-.069	-.0011109
-75.209	-.1529	11.382	.3319	-.069	-.0008302
-77.273	.3302	7.828	-.2052	-.068	-.0009891
-73.974	.0093	9.723	.8191	-.068	-.0010933
-74.917	.0720	10.486	.7056	-.067	-.0012360
-72.846	.0005	9.788	.5606	-.067	-.0012977
-80.247	-.1868	10.035	-.2092	-.066	-.0010267
-77.778	-.5773	7.437	-.0995	-.066	-.0009985
-76.970	.7050	9.077	-.1619	-.064	-.0007907
-73.578	-.6022	9.155	.4651	-.063	-.0010555
-74.000	-.3839	9.411	-.6388	-.063	-.0011698
-76.792	-.5692	11.274	-.3307	-.063	-.0011598
-77.754	.0970	7.283	.0530	-.063	-.0010656
-75.726	.3375	8.576	-.6986	-.062	-.0009906
-72.419	-.2159	8.926	.0596	-.062	-.0010333
-73.501	.2316	11.02	.0163	-.061	-.0010928
-73.023	-.1675	9.368	-.8049	-.060	-.0012254
-78.921	.0868	7.684	-.4818	-.060	-.0010486
-79.517	-.0210	9.703	.1863	-.060	-.0011387
-74.561	-.4261	7.875	.3564	-.056	-.0009490
-74.369	-.2362	11.562	-.0122	-.056	-.0009962
-77.190	-.0834	13.338	.3458	-.055	-.0008899
-75.157	.3644	11.485	.5918	-.054	-.0012341
-74.235	.6364	11.345	-.4125	-.054	-.0012113
-74.274	.1500	7.779	.1379	-.053	-.0010435
-78.276	-.3350	7.716	.3951	-.052	-.0008568
-79.572	-.2049	9.953	-.3954	-.051	-.0009436
-77.202	-.2188	13.484	-.1559	-.050	-.0008928
-77.409	.0303	13.079	.5181	-.050	-.0010340
-76.413	-.4521	10.674	.0711	-.049	-.0009828
-79.276	.2369	10.065	.6145	-.048	-.0010890
-73.921	-.2004	11.236	.1553	-.048	-.0011858
-74.640	-.1087	7.694	-.6130	-.048	-.0009483
-77.589	.2616	10.95	.0077	-.047	-.0009743
-74.900	-.4543	9.35	-.5952	-.047	-.0009921
-78.163	-.2390	13.438	.1960	-.047	-.0008710
-77.374	.0154	9.71	-.7763	-.047	-.0012557
-75.873	.1630	11.343	-.1058	-.046	-.0011520
-78.876	.4512	10.283	.3175	-.044	-.0011219
-75.380	.0036	8.483	-.1870	-.043	-.0009216
-74.185	-.3362	9.402	-.1380	-.041	-.0010795
-77.401	-.0248	8.378	.5721	-.041	-.0010720
-73.049	-.4840	8.499	-.4321	-.041	-.0011662
-73.724	.0672	10.464	-.4492	-.041	-.0010179
-74.615	.3979	10.683	-.5250	-.040	-.0009356
-77.020	-.3268	9.853	-.8728	-.039	-.0012025
-76.271	-.1302	8.854	.7013	-.039	-.0010577
-76.055	-.4276	10.469	.7504	-.038	-.0012338
-77.383	-.4958	8.9	-.5600	-.038	-.0009323
-81.011	.3592	10.363	-.0807	-.036	-.0009275
-74.390	.5248	12.157	-.3156	-.035	-.0012075
-76.196	-.5764	8.545	-.2351	-.034	-.0011408
-75.834	.0788	12.599	.1939	-.034	-.0009629
-74.324	-.2310	11.475	-.5072	-.033	-.0010344
-75.239	.2068	9.912	-.7072	-.033	-.0011375
-73.782	-.3768	10.711	-.6166	-.032	-.0008847
-77.444	.2524	11.051	.0570	-.032	-.0010818
-74.598	-.0574	7.193	-.2265	-.032	-.0012345
-74.901	.6362	10.888	.2261	-.031	-.0010073
-75.598	-.1627	7.867	.2320	-.031	-.0011071
-78.648	-.0475	10.402	.1284	-.031	-.0009636
-77.934	-.0364	9.597	-.0789	-.031	-.0010324
-74.856	-.1763	11.573	.3419	-.030	-.0011546
-74.877	.0464	12.072	-.2081	-.029	-.0011861
-78.041	-.6898	9.235	.1846	-.027	-.0012386
-78.749	-.0896	10.301	.3435	-.027	-.0012511
-72.969	.1045	13.464	.0033	-.026	-.0012344
-74.931	.2109	13.285	.4020	-.026	-.0010544
-74.376	-.6394	9.385	.5034	-.026	-.0010846
-74.855	.3889	8.866	-.2580	-.022	-.0012100
-73.607	-.3585	12.738	.1592	-.021	-.0012237
-72.031	-.1008	11.467	.6519	-.020	-.0012387
-75.340	-.1527	9.289	-.2342	-.020	-.0010563
-73.940	.0573	7.689	.3910	-.020	-.0009328
-71.996	-.0641	9.394	.0297	-.019	-.0012380
-76.418	-.0471	8.185	-.1250	-.019	-.0009079
-72.674	.0391	9.633	.6150	-.019	-.0011229
-78.317	.0155	6.989	.3931	-.019	-.0008659
-79.145	.7479	10.48	.3267	-.017	-.0008568
-75.582	-.4146	10.568	.4820	-.016	-.0008760
-78.584	.4290	8.923	-.6648	-.016	-.0010229
-76.837	.4390	9.366	.0171	-.015	-.0012882
-77.658	-.3330	9.071	.0429	-.014	-.0009004
-74.001	.4977	11.83	-.2761	-.014	-.0012137
-78.451	.0601	12.005	.5505	-.013	-.0009766
-76.427	-.2197	10.395	.0439	-.013	-.0009400
-75.928	-.0284	10.396	.6298	-.013	-.0009482
-78.729	.3823	10.802	-.2874	-.012	-.0011315
-77.216	-.3090	12.901	-.3201	-.011	-.0009457
-77.223	-.5032	8.944	.3700	-.011	-.0010732
-74.947	.0402	8.992	.7649	-.010	-.0010524
-74.856	.1397	6.266	.0864	-.010	-.0011099
-73.291	.0699	9.146	.6385	-.009	-.0009122
-70.615	.1592	9.064	-.0073	-.008	-.0012986
-76.892	.7533	10.757	.2113	-.007	-.0010600
-78.167	-.0690	9.53	.1773	-.007	-.0008155
-76.466	-.0277	10.084	.4924	-.007	-.0011889
-72.478	-.2596	10.631	.5164	-.006	-.0011333
-74.196	.0900	9.706	.4168	-.006	-.0011729
-77.396	.1549	11.22	-.1829	-.003	-.0012324
-74.974	.2048	12.796	.2849	-.003	-.0011590
-77.418	-.1603	11.69	.6206	-.003	-.0009522
-75.822	-.6754	10.5	-.4077	-.001	-.0010507
-76.624	-.2718	7.857	-.2838	-.000	-.0009709
-76.184	.5709	8.401	.0075	.000	-.0009944
-76.367	-.1586	10.955	.0562	.000	-.0008945
-77.626	-.5098	11.178	.0628	.001	-.0012182
-76.563	.0993	9.313	.9745	.003	-.0009911
-75.130	-.7360	8.952	-.0784	.003	-.0009964
-77.788	.0773	10.209	.2173	.003	-.0009570
-76.974	-.1379	13.063	-.1646	.004	-.0010809
-77.166	.1698	8.687	.5675	.005	-.0011409
-76.972	.1080	7.654	.5141	.006	-.0009634
-73.048	.0612	8.948	-.6892	.006	-.0010901
-78.752	.1226	12.066	.4151	.007	-.0009500
-75.999	.0130	10.163	.4595	.008	-.0009341
-74.991	.5517	10.206	.1890	.008	-.0011756
-73.162	-.1170	7.206	.2817	.008	-.0010257
-78.632	-.4697	11.512	.1438	.009	-.0010878
-78.414	.3288	8.44	-.0452	.011	-.0012028
-74.036	-.4623	10.257	.1423	.011	-.0009288
-74.793	-.5510	9.933	.3173	.012	-.0010911
-78.688	-.4735	11.177	.1213	.013	-.0010228
-77.833	-.0246	10.102	.3265	.014	-.0010145
-75.371	.5046	11.729	-.3697	.014	-.0011690
-76.493	-.1074	11.291	-.4863	.014	-.0010360
-76.825	-.6106	7.113	-.1006	.015	-.0009180
-73.233	.4605	10.13	.1915	.015	-.0009693
-74.616	-.5682	9.099	.3560	.017	-.0009292
-76.144	-.1184	11.986	.5496	.018	-.0010708
-75.494	-.4289	10.726	-.5785	.019	-.0010262
-74.669	.4281	9.826	.4581	.020	-.0011093
-73.838	-.2533	10.382	.4737	.020	-.0010252
-77.310	.2793	11.339	.4056	.022	-.0010547
-79.420	.1100	9.506	-.1058	.022	-.0008376
-77.479	.2996	8.569	.1888	.022	-.0009623
-74.092	-.1585	13.044	-.5959	.023	-.0011328
-74.286	-.5852	9.222	-.3250	.023	-.0009022
-74.776	-.2301	8.333	.2704	.024	-.0010804
-74.698	-.5803	12.101	-.3715	.024	-.0009952
-76.867	-.4354	9.639	.5051	.026	-.0009824
-74.872	-.5868	11.842	.3637	.026	-.0012407
-78.028	-.2226	10.579	-.8077	.026	-.0009248
-74.773	-.1260	6.535	-.4158	.026	-.0010801
-77.253	-.4936	12.561	.0220	.027	-.0009297
-76.130	.2381	7.419	.7896	.028	-.0011459
-78.511	.2280	8.556	-.5376	.029	-.0009230
-76.165	-.4437	11.598	-.1369	.030	-.0009755
-73.826	.4095	11.189	-.0117	.030	-.0011508
-73.355	.2130	9.498	-.2695	.031	-.0012303
-72.329	-.1541	8.396	-.0827	.031	-.0009175
-73.450	.2231	12.541	-.5314	.033	-.0010971
-75.660	-.3162	11.389	-.5202	.033	-.0011396
-76.095	.6890	10.092	-.5699	.033	-.0009385
-75.943	-.4686	12.737	.1364	.033	-.0011355
-77.831	.0173	12.198	-.0478	.034	-.0011087
-76.951	-.2735	8.24	-.4154	.034	-.0008897
-76.599	-.5766	12.262	.1172	.034	-.0011333
-78.843	.0446	12.125	.5918	.034	-.0008890
-77.180	.3271	9.772	-.0808	.034	-.0010291
-75.160	-.2973	7.424	-.5579	.035	-.0011818
-74.828	.0011	9.486	.0839	.035	-.0011698
-79.294	.0517	10.94	.0031	.036	-.0011293
-72.103	-.0286	10.974	.5491	.036	-.0011079
-75.303	-.4908	10.333	.2294	.036	-.0009515
-74.556	.2466	10.475	-.8377	.036	-.0011570
-75.912	-.3032	6.767	.0945	.037	-.0012468
-75.413	-.2790	11.77	.5310	.038	-.0010261
-73.037	.3094	11.749	.1563	.038	-.0009991
-77.575	-.3358	12.017	-.3323	.038	-.0008821
-78.835	.2034	7.244	-.4657	.039	-.0009419
-78.129	-.0732	10.735	-.6600	.040	-.0009871
-74.434	.2148	12.237	-.7447	.041	-.0010878
-74.826	-.3190	11.088	.4409	.042	-.0011835
-77.646	-.1899	9.633	.4127	.042	-.0010569
-74.852	.2660	9.532	.3431	.042	-.0010794
-74.540	.3528	7.321	-.0191	.044	-.0010376
-76.915	-.0527	11.398	-.7414	.045	-.0008475
-73.881	-.3768	9.331	.6325	.045	-.0008476
-74.891	.2557	7.835	.8422	.046	-.0010725
-75.778	.5846	8.36	.5239	.046	-.0010994
-73.286	-.2689	10.775	-.6555	.046	-.0010574
-76.433	.0632	7.081	.2346	.046	-.0009831
-79.797	.5914	10.243	.2799	.046	-.0009440
-78.010	.1742	11.304	-.0696	.046	-.0010169
-77.247	.0086	7.812	-.0691	.047	-.0010582
-76.408	.5397	9.012	-.2922	.047	-.0011434
-75.789	.4050	13.04	-.0137	.047	-.0011286
-75.423	-.0558	9.266	-.3138	.048	-.0010106
-74.944	.2385	10.228	.2532	.048	-.0010982
-75.502	.1177	11.686	.3307	.049	-.0011792
-79.073	-.0131	9.563	.7243	.050	-.0011464
-71.009	.1119	10.34	-.2794	.051	-.0011623
-74.790	-.1442	7.411	.1272	.052	-.0011157
-78.104	.3981	13.155	-.0318	.052	-.0010602
-74.522	-.6139	9.275	-.0447	.053	-.0009111
-77.397	-.2688	9.008	-.4534	.055	-.0008710
-73.353	-.1948	11.017	.3154	.055	-.0009959
-76.828	-.3697	10.812	.8422	.056	-.0011659
-73.877	-.0796	12.377	-.2987	.057	-.0011641
-79.264	-.3497	9.166	-.2027	.057	-.0009053
-74.638	-.1915	9.24	-.3087	.058	-.0012881
-78.499	.0352	10.254	-.2238	.058	-.0010587
-76.735	-.1034	6.888	-.6313	.059	-.0010018
-76.662	-.5662	11.201	.1700	.059	-.0012900
-77.010	-.3680	8.977	-.6354	.060	-.0010501
-74.541	.0725	12.316	-.1661	.060	-.0010104
-76.998	.6736	10.91	.5611	.061	-.0010272
-78.561	.0893	9.226	.8764	.062	-.0011074
-72.532	.1189	9.601	-.3551	.062	-.0010838
-73.911	-.2088	12.366	-.2652	.063	-.0010007
-81.056	.3577	8.985	.3631	.063	-.0008144
-76.187	.2251	9.112	.1065	.065	-.0009410
-75.788	-.2150	8.992	-.5149	.066	-.0012374
-79.018	-.3860	12.103	-.1071	.066	-.0008567
-77.869	.1230	11.541	.3313	.067	-.0009725
-72.295	-.0801	9.499	.5727	.068	-.0010895
-76.513	.3626	7.808	-.4585	.068	-.0011318
-76.300	.2058	7.734	.2690	.068	-.0009318
-77.522	.4793	9.808	-.5274	.070	-.0009965
-77.129	.2112	10.829	.5832	.072	-.0010169
-76.433	-.0576	11.26	-.4131	.073	-.0011386
-76.097	-.2965	11.478	-.4967	.073	-.0011212
-73.197	.4083	10.591	.4107	.074	-.0011366
-73.394	-.5668	11.659	-.3398	.074	-.0012626
-75.458	-.1936	9.266	-.0399	.076	-.0008468
-77.463	.3434	9.843	.5432	.076	-.0008949
-74.076	.2177	9.365	.4091	.076	-.0009456
-78.453	.4471	12.293	-.4057	.080	-.0008645
-76.586	-.8298	9.917	.0302	.081	-.0011437
-77.438	-.6176	10.251	-.2296	.081	-.0011150
-73.659	-.1973	7.241	.3802	.085	-.0010981
-71.433	-.2405	10.285	.1975	.085	-.0011439
-75.188	-.0820	11.773	.0115	.085	-.0009754
-75.218	-.2905	9.48	.3893	.086	-.0009698
-77.747	.4059	9.393	-.1607	.087	-.0010230
-73.060	.6317	9.906	-.0376	.087	-.0012332
-74.688	-.4063	9.964	.7305	.088	-.0010354
-77.411	.4008	10.35	-.4866	.088	-.0012607
-78.409	-.2691	11.607	.3221	.088	-.0011305
-75.250	-.5302	8.741	-.7125	.088	-.0008809
-75.749	-.0130	11.233	.6551	.088	-.0011665
-79.053	-.2448	11.204	-.2004	.090	-.0012195
-78.559	-.1664	12.413	-.4653	.090	-.0008875
-77.068	.2714	11.145	.3945	.091	-.0010519
-76.572	.2507	10.876	.2216	.093	-.0009471
-74.354	.0307	7.765	-.1797	.093	-.0008784
-74.886	.3824	12.255	.3818	.094	-.0012716
-78.464	-.1224	10.873	-.8149	.095	-.0008298
-73.535	-.1679	12.414	.2048	.096	-.0011819
-72.400	-.3564	9.574	-.3321	.096	-.0010953
-74.991	.5843	9.313	.3556	.098	-.0010715
-79.006	-.3400	12.803	.2141	.098	-.0009026
-76.829	-.6353	11.778	.4139	.100	-.0011879
-75.733	.2124	9.751	-.7973	.101	-.0012229
-80.201	-.1801	9.428	-.1226	.101	-.0011441
-77.431	.5297	10.242	-.4059	.102	-.0012491
-72.875	.0180	11.149	.3245	.103	-.0012741
-79.801	.0718	11.735	-.3397	.103	-.0009067
-75.276	.0066	11.195	.7734	.105	-.0009201
-75.913	-.6177	9.235	.3093	.105	-.0011394
-75.572	.1145	12.917	-.1889	.105	-.0011142
-73.398	-.3855	10.015	-.3382	.105	-.0008948
-75.060	-.5093	7.789	.4276	.106	-.0011218
-76.169	-.0874	7.418	.4085	.107	-.0009468
-77.691	.5482	8.203	-.2962	.108	-.0009615
-77.607	-.1229	9.656	-.1374	.108	-.0010400
-73.754	-.2576	10.454	-.2058	.110	-.0010680
-75.982	.2264	10.191	-.1024	.111	-.0012276
-76.204	.0484	10.199	.2722	.111	-.0008337
-77.153	-.2083	10.549	-.1904	.111	-.0009407
-73.674	-.2202	9.483	.7164	.112	-.0010617
-76.397	.4800	7.653	.5263	.112	-.0011232
-72.624	.2088	8.308	.2298	.113	-.0010354
-77.507	.1087	8.215	-.5115	.113	-.0010616
-76.729	-.1846	6.88	.0354	.113	-.0009397
-75.106	-.0962	9.425	.0576	.117	-.0009326
-74.093	-.3729	9.342	-.1721	.119	-.0008683
-78.299	.1947	12.584	-.6015	.119	-.0010151
-75.357	-.5006	9.771	-.3319	.120	-.0009753
-75.670	-.1675	13.393	.0967	.120	-.0012713
-79.230	.4294	12.044	-.1103	.120	-.0011003
-75.741	.5820	9.414	.5798	.120	-.0009155
-74.569	-.1622	11.904	.8414	.121	-.0011736
-77.503	-.4477	7.949	-.4908	.121	-.0011669
-77.549	.2064	11.024	.4279	.121	-.0008904
-76.311	-.1236	9.513	-.7121	.122	-.0009306
-73.096	-.3128	11.288	.0070	.122	-.0012936
-72.128	-.2795	9.294	.2459	.122	-.0010991
-78.166	.4151	10.505	-.5556	.123	-.0010112
-78.034	.8186	10.221	.3731	.123	-.0008304
-74.729	.2641	9.202	-.3692	.124	-.0009462
-75.420	-.2755	9.206	-.2883	.124	-.0010299
-77.876	-.0712	13.041	-.2783	.125	-.0009628
-76.241	-.0350	10.059	-.6962	.126	-.0008828
-73.348	.4760	9.419	.5708	.129	-.0011975
-75.782	-.6825	11.234	-.3493	.129	-.0009256
-78.221	.5357	9.021	.2157	.129	-.0011720
-78.334	.1626	12.056	-.6256	.129	-.0010569
-77.649	-.5854	11.189	.6436	.129	-.0010729
-76.714	.1478	8.87	.9688	.130	-.0009482
-78.941	-.2729	9.99	.3991	.131	-.0009528
-73.545	.3423	10.616	.5741	.131	-.0009662
-76.723	-.3799	9.627	.8497	.131	-.0011685
-79.560	-.2563	11.475	-.4828	.134	-.0008128
-77.081	-.3387	8.682	.5994	.135	-.0009057
-76.605	.4794	10.31	-.5415	.136	-.0011484
-73.417	.0855	12.191	-.6926	.136	-.0012748
-75.369	.5314	10.431	-.3324	.136	-.0011475
-76.132	.6045	8.118	.2420	.138	-.0012364
-79.978	.4940	8.167	.0654	.139	-.0009681
-73.457	.0236	13.523	-.2829	.140	-.0011804
-74.457	.2537	9.613	.2524	.141	-.0007986
-73.798	-.7068	9.012	.4302	.141	-.0011015
-79.427	.1736	11.52	.3197	.141	-.0008442
-75.775	-.1899	7.771	-.3452	.141	-.0010304
-77.120	-.1628	12.608	-.1391	.142	-.0008848
-74.533	-.0738	9.304	-.3663	.142	-.0011942
-78.151	-.5776	8.532	.0075	.142	-.0008739
-76.388	.4296	8.876	.8070	.143	-.0010180
-72.626	.1689	9.563	.2144	.143	-.0011654
-80.133	.2214	9.704	.4666	.144	-.0009594
-74.703	-.2904	7.427	.4484	.145	-.0011279
-75.165	.3732	10.131	-.6004	.146	-.0008258
-77.316	.3859	7.113	-.3449	.146	-.0008719
-79.028	-.4344	10.137	.0368	.148	-.0010611
-78.818	.2327	12.085	.3821	.149	-.0008787
-80.137	.1062	9.846	-.3202	.149	-.0009844
-75.911	.3933	8.871	-.3821	.149	-.0009744
-74.964	-.0020	7.738	.1733	.151	-.0008934
-74.737	-.1952	10.556	-.0939	.154	-.0010328
-75.910	-.3604	7.391	-.5547	.154	-.0009118
-73.328	-.4424	10.267	-.6843	.154	-.0011478
-73.685	-.1083	9.417	-.5342	.155	-.0009480
-74.236	-.2504	13.06	.5290	.156	-.0010420
-77.657	.2824	11.396	.6420	.156	-.0009521
-77.223	.0745	7.759	.7207	.157	-.0011454
-75.618	.3187	12.378	.4439	.158	-.0010088
-79.354	-.6595	9.805	.1343	.158	-.0008698
-77.434	.1809	11.443	-.7884	.158	-.0010728
-77.379	-.2246	11.177	-.6064	.158	-.0010582
-77.444	.4446	9.883	.0978	.158	-.0011983
-78.839	-.1624	6.883	.2278	.159	-.0009320
-75.553	-.2156	10.774	-.5787	.159	-.0011792
-73.183	.2314	10.264	.7106	.160	-.0010387
-76.921	.3938	8.01	-.3829	.160	-.0011494
-77.427	.5268	9.148	.5345	.162	-.0009654
-77.790	.2492	12.989	.0344	.163	-.0009816
-73.156	.3228	11.881	.1928	.164	-.0009489
-73.704	.3082	11.519	.7119	.164	-.0012546
-78.087	.1841	9.625	-.3198	.165	-.0012155
-74.483	-.0798	12.412	.2753	.166	-.0011552
-77.083	-.3200	9.886	-.0141	.167	-.0008794
-76.055	.5177	11.188	-.3546	.167	-.0011151
-76.004	.2528	9.792	-.3285	.167	-.0010191
-73.868	-.2319	9.775	-.1379	.167	-.0009484
-76.015	.4982	8.545	.5578	.168	-.0008896
-74.452	-.0783	11.877	.3703	.168	-.0010147
-73.491	-.3343	8.564	-.2440	.168	-.0010099
-73.620	.0234	10.958	.5203	.168	-.0009182
-74.849	.1764	8.9	.5440	.168	-.0011394
-76.030	.3005	11.546	.0332	.168	-.0011365
-77.291	.0166	6.491	.0764	.169	-.0008570
-73.138	.1021	7.431	.5744	.170	-.0011704
-72.039	-.4103	10.857	-.1122	.170	-.0012189
-76.892	.0876	10.155	.2914	.171	-.0010713
-76.785	.4820	9.785	-.1043	.172	-.0010373
-78.582	-.5457	9.401	.1645	.172	-.0009775
-72.300	-.5723	10.045	.0320	.172	-.0011809
-78.427	-.0226	9.94	.1566	.173	-.0009022
-76.695	.3677	12.379	-.5083	.173	-.0010603
-74.499	-.3997	10.458	-.7282	.174	-.0011126
-74.335	-.1565	9.22	.3360	.175	-.0010467
-75.971	-.3331	7.762	.1012	.175	-.0011547
-79.210	-.4351	10.319	-.3544	.176	-.0009712
-73.140	-.1399	9.621	-.0982	.176	-.0009077
-76.538	-.6291	12.406	-.4208	.176	-.0010313
-74.217	-.5586	8.843	-.4747	.176	-.0012477
-73.992	-.0538	8.179	-.5448	.177	-.0008560
-74.964	-.2526	8.335	-.1429	.178	-.0011219
-75.627	.0901	12.911	-.1702	.181	-.0010384
-77.807	-.3269	8.209	-.2031	.182	-.0009611
-75.308	-.5054	10.818	-.3688	.182	-.0011063
-72.954	.0053	13.055	.1553	.183	-.0010942
-77.602	.3116	8.158	-.3524	.185	-.0011419
-72.357	-.1786	9.286	.2638	.186	-.0012435
-75.042	.2081	13.415	-.2655	.188	-.0009977
-75.755	-.2990	12.492	-.3051	.189	-.0009651
-73.555	.2294	8.134	.6010	.190	-.0012072
-79.889	.2322	11.619	-.5210	.191	-.0009505
-75.876	-.0384	9.044	.5832	.191	-.0008517
-76.528	.6637	9.761	.3783	.191	-.0010450
-79.566	.3097	11.56	.1786	.192	-.0009256
-75.360	.1829	8.982	-.2222	.192	-.0008951
-79.357	.5558	10.518	.4320	.194	-.0010567
-75.360	-.3982	10.573	-.2063	.194	-.0011913
-77.358	.2273	13.408	-.0482	.194	-.0009802
-74.019	.2528	10.49	.2916	.196	-.0011541
-77.325	-.3349	8.783	.6609	.197	-.0012399
-75.245	.0449	8.068	-.8520	.197	-.0009881
-76.057	-.3892	9.888	-.1662	.198	-.0008408
-75.163	.5319	11.199	.0356	.199	-.0012363
-73.184	-.1231	8.667	.3505	.199	-.0012053
-75.162	-.5805	11.331	-.4323	.201	-.0010481
-74.300	-.0205	6.905	-.1372	.204	-.0009398
-76.822	-.3866	12.497	.4899	.205	-.0010331
-72.271	-.2947	10.362	-.3604	.206	-.0011738
-75.433	-.1448	10.107	-.8016	.206	-.0012829
-79.266	-.3934	9.666	.3856	.207	-.0011062
-75.588	-.1386	10.066	.2364	.208	-.0010315
-74.668	.3903	10.054	-.4578	.209	-.0011048
-77.946	.0411	9.139	.2905	.211	-.0009561
-75.173	.3100	7.978	.0071	.212	-.0008293
-74.616	-.3514	11.361	-.6956	.212	-.0012095
-72.619	-.2041	8.625	-.1907	.213	-.0009749
-77.006	-.2366	7.765	.3499	.214	-.0011833
-74.226	-.6326	11.59	-.3091	.216	-.0012265
-76.491	.0596	12.954	.6715	.216	-.0010274
-74.890	.3150	11.138	-.5744	.218	-.0010803
-78.335	-.3736	12.252	.1927	.220	-.0009751
-76.507	.3259	9.968	.5543	.221	-.0012505
-76.853	.1512	10.161	.1001	.221	-.0008661
-77.800	-.0611	12.879	-.0697	.222	-.0012296
-76.631	.1253	10.447	.2357	.224	-.0008833
-77.293	-.3161	11.095	-.4608	.224	-.0012234
-76.050	.0998	10.92	-.3972	.226	-.0010745
-76.457	-.3761	9.583	-.1616	.227	-.0008396
-75.554	-.0238	9.735	-.7767	.227	-.0012175
-77.754	-.1744	8.523	.4853	.229	-.0009741
-74.195	-.3547	10.072	.3373	.230	-.0008767
-75.888	.5630	9.12	-.4538	.232	-.0009920
-78.179	-.5590	9.293	.2347	.232	-.0010362
-74.053	.2586	10.204	.5160	.232	-.0009538
-74.097	-.2737	7.216	.0036	.232	-.0008879
-79.240	.0311	10.542	-.2959	.233	-.0009277
-78.750	-.4608	9.179	-.1196	.233	-.0012772
-75.220	-.0666	7.057	-.2212	.234	-.0010470
-73.629	-.2939	10.866	.1055	.235	-.0010296
-75.396	-.5038	12.672	-.0319	.235	-.0010895
-77.472	.7027	8.941	.0871	.235	-.0009533
-77.027	-.1166	9.391	.8667	.237	-.0009856
-79.220	.5641	8.738	.2397	.237	-.0009846
-74.215	-.1866	10.077	-.5477	.238	-.0009889
-78.848	-.1038	8.427	.2476	.238	-.0010655
-75.885	-.1533	11.211	-.6811	.238	-.0009543
-74.591	-.1169	10.076	.6631	.240	-.0012198
-75.298	.0830	7.009	.1155	.243	-.0010135
-77.364	.0670	6.83	.0664	.246	-.0009297
-74.953	.5068	10.156	.4576	.248	-.0010488
-73.951	-.0306	9.331	-.8867	.248	-.0009313
-76.828	.0957	10.746	.2724	.248	-.0011116
-74.842	.4376	10.246	-.6966	.249	-.0009844
-74.000	-.0870	8.306	-.0705	.250	-.0010215
-72.693	-.3068	11.279	-.1203	.250	-.0011021
-74.655	-.0855	9.272	-.6687	.251	-.0012063
-75.818	-.1193	8.32	-.3063	.251	-.0009092
-74.116	-.0273	10.645	-.3050	.251	-.0011574
-74.276	.0077	9.33	-.2737	.252	-.0012761
-73.732	-.0908	9.792	.6032	.253	-.0011319
-80.067	-.5068	11.786	.2308	.257	-.0008326
-78.371	-.2194	8.907	-.4754	.258	-.0011206
-73.554	.1635	8.159	-.1580	.258	-.0010130
-77.220	.0901	6.937	-.0603	.259	-.0008375
-74.806	.1550	11.423	-.0933	.260	-.0010640
-73.801	.3875	10.829	.6588	.260	-.0011540
-73.589	.3266	9.075	-.2387	.264	-.0010367
-77.901	-.3177	13.12	.1073	.264	-.0010599
-75.222	-.3874	7.998	-.0174	.266	-.0012622
-73.893	.2893	10.946	.1791	.266	-.0009189
-73.120	.0394	11.325	.0036	.269	-.0011996
-73.762	-.1420	11.743	.4251	.270	-.0011430
-75.504	.3604	9.436	-.3142	.271	-.0008906
-75.329	-.0893	10.393	.1304	.271	-.0012360
-76.489	.5159	9.62	.2610	.271	-.0008350
-78.431	.0814	8.522	-.6337	.272	-.0009390
-77.241	.4249	8.396	.0636	.274	-.0008743
-73.790	.0238	9.237	.2923	.274	-.0011903
-76.418	.1600	9.982	.3417	.275	-.0009729
-76.556	.3477	12.262	.0085	.276	-.0012374
-76.119	-.2029	8.695	-.4131	.276	-.0009693
-78.006	-.5400	10.709	-.3072	.277	-.0010062
-77.803	.0599	9.667	-.2414	.278	-.0012737
-75.217	.2723	11.554	.7768	.281	-.0009398
-74.326	-.6697	10.412	.3660	.281	-.0009507
-76.937	-.4373	10.697	-.1888	.282	-.0010358
-78.296	-.2923	12.235	-.4107	.282	-.0009699
-75.957	.0956	8.375	.5993	.285	-.0010885
-72.956	-.0561	8.447	-.4315	.287	-.0011790
-74.470	-.6823	8.397	.3989	.287	-.0011190
-75.902	-.3276	8.207	.3300	.288	-.0010749
-76.300	-.3328	9.56	.9774	.289	-.0009517
-77.376	.1144	7.485	-.0736	.289	-.0008950
-74.665	.2469	11.86	-.8956	.290	-.0012003
-74.703	.0765	9.906	.4160	.290	-.0010016
-74.684	.4994	9.02	-.3718	.290	-.0011433
-75.493	-.4359	11.284	-.2181	.291	-.0010751
-77.295	.4500	8.589	-.5056	.293	-.0008409
-78.462	.3951	11.569	.2061	.293	-.0009591
-75.129	.1442	11.294	-.5129	.293	-.0011167
-75.819	.1380	9.092	-.4925	.295	-.0011211
-73.439	-.2648	11.296	.2359	.296	-.0009084
-78.519	-.0911	9.755	.5624	.298	-.0008825
-74.238	.5951	11.786	-.1249	.299	-.0011551
-79.848	.0336	8.67	-.1729	.300	-.0009399
-74.997	-.2441	7.172	-.5422	.300	-.0011138
-78.065	.1095	9.999	-.1134	.300	-.0008091
-79.266	.0507	9.847	-.5971	.300	-.0010078
-79.519	.2887	8.86	.0443	.302	-.0010966
-75.295	.7035	11.771	-.4754	.302	-.0012407
-77.986	.4152	10.375	.6424	.303	-.0012438
-77.080	-.4986	7.771	.2638	.304	-.0012110
-74.617	.4385	9.212	-.2525	.304	-.0008366
-75.400	.1155	11.156	-.2113	.305	-.0009496
-74.823	.1844	9.656	-.1061	.305	-.0011856
-77.280	.4048	10.638	.4458	.305	-.0009228
-76.626	.2080	10.098	.1296	.306	-.0010022
-77.615	.1402	13.415	.2101	.306	-.0010427
-74.003	.0267	8.249	-.6624	.306	-.0011015
-76.617	.2792	9.848	.3718	.307	-.0009911
-78.635	.1444	9.874	.0319	.307	-.0009055
-78.578	-.0439	11.877	-.1041	.309	-.0008869
-78.011	-.1777	8.151	-.6025	.309	-.0010673
-74.684	-.2296	9.136	.2425	.309	-.0011213
-75.522	.0092	8.819	.5739	.309	-.0011031
-73.365	.4566	9.826	.3124	.311	-.0012445
-76.537	.0085	13.667	-.2348	.312	-.0009280
-78.489	-.5085	10.248	-.1792	.313	-.0012301
-77.165	.3668	11.189	-.4371	.315	-.0011128
-80.211	-.3540	10.442	-.0456	.317	-.0009543
-76.492	.3868	11.952	.4390	.318	-.0009054
-76.807	-.2668	10.919	.0793	.318	-.0010461
-75.146	.3348	13.003	.1399	.319	-.0009102
-75.931	-.3939	9.155	-.3942	.320	-.0012613
-77.769	-.0678	9.027	.1791	.320	-.0010236
-74.802	-.3705	13.074	.1995	.321	-.0009534
-76.740	-.0490	12.003	.5515	.325	-.0010644
-76.803	.4981	10.858	-.4477	.325	-.0010784
-79.649	.1583	10.124	-.0411	.326	-.0009290
-75.420	-.1548	11.028	.5407	.327	-.0010713
-78.044	-.2724	10.836	.5939	.328	-.0009759
-77.602	.5275	8.024	.0968	.328	-.0009229
-72.920	-.5656	9.789	.1330	.332	-.0012889
-72.738	.0409	10.947	-.5846	.332	-.0012244
-77.758	-.1688	7.793	-.6160	.333	-.0011429
-79.380	-.5958	8.917	.2589	.333	-.0007925
-77.932	-.3565	11.642	-.3064	.333	-.0009421
-76.431	.1260	11.29	.5137	.334	-.0010859
-76.695	.3939	10.619	.5292	.334	-.0009776
-79.525	-.3181	11.872	-.1545	.335	-.0010007
-73.429	-.3271	12.294	.5636	.335	-.0012093
-75.555	.1133	10.467	.3950	.336	-.0011811
-76.692	-.3242	10.828	-.6277	.338	-.0010634
-77.486	-.2027	13.328	-.2694	.338	-.0009981
-80.904	-.0621	9.875	-.4372	.339	-.0008885
-74.639	.2419	12.539	.0668	.340	-.0010151
-72.960	.0643	8.647	-.5765	.342	-.0011736
-77.186	-.4088	12.396	.1106	.343	-.0011577
-78.130	-.1538	9.653	-.7764	.343	-.0009912
-74.117	-.7456	9.22	.2502	.343	-.0010624
-73.231	-.1378	11.309	-.1889	.343	-.0011525
-74.656	.5676	10.399	.7370	.344	-.0010635
-72.548	-.0131	9.059	-.3697	.346	-.0011424
-77.659	.1835	8.559	.1089	.346	-.0009925
-79.427	-.1558	9.481	.3311	.347	-.0008689
-75.721	.1684	9.452	-.1103	.347	-.0011219
-74.612	-.1240	8.946	-.5610	.348	-.0011065
-72.965	-.2177	11.421	.6938	.349	-.0010628
-77.467	.3118	12.249	.0035	.350	-.0011210
-76.063	.3913	12.016	.1220	.351	-.0010557
-76.564	-.1358	8.623	-.8930	.352	-.0011841
-78.521	-.1856	10.027	-.0312	.352	-.0012827
-75.321	.0346	7.176	.1222	.356	-.0011054
-79.168	-.0389	8.115	.6882	.357	-.0008523
-76.015	-.4451	8.501	.1223	.357	-.0012666
-76.794	-.2189	7.586	-.4199	.359	-.0011617
-75.705	-.5053	9.913	-.4120	.360	-.0008489
-75.772	.0485	13.083	.6756	.360	-.0012027
-76.955	.0065	8.142	-.5526	.360	-.0009601
-76.961	.6502	10.737	.3275	.361	-.0010105
-77.410	-.0487	7.404	.0741	.361	-.0010416
-76.905	.2789	7.761	-.3253	.362	-.0010896
-76.731	-.3188	12.564	-.2178	.364	-.0007943
-74.852	-.3283	10.504	-.7513	.364	-.0010192
-80.376	.0197	10.951	-.0473	.364	-.0008365
-74.507	-.1374	13.048	.3726	.366	-.0012495
-74.922	-.3069	6.908	.0908	.366	-.0011898
-75.030	-.5632	11.68	.1360	.367	-.0010544
-79.266	.0743	12.79	.1370	.368	-.0010376
-78.067	.3211	9.963	-.4350	.369	-.0011133
-73.338	-.0353	11.736	.4560	.369	-.0011868
-74.421	-.2927	10.356	.1387	.370	-.0011940
-71.947	-.3248	9.76	.0322	.370	-.0011341
-78.881	-.2207	10.551	-.3008	.370	-.0010081
-75.482	.6785	8.883	-.1732	.371	-.0010657
-77.129	-.5168	8.073	.0553	.371	-.0010028
-73.423	.0457	12.371	-.3582	.372	-.0010255
-77.840	.1625	8.296	-.0979	.373	-.0008945
-73.878	.1329	11.238	.1873	.373	-.0010081
-73.217	.2783	9.95	-.3172	.375	-.0010052
-76.900	-.1443	7.218	-.4567	.375	-.0010858
-75.671	.1278	11.121	.4280	.375	-.0011119
-78.507	.2329	7.864	.3281	.376	-.0008467
-76.504	-.2118	10.127	-.7897	.378	-.0009901
-74.173	.6841	10.872	-.0261	.378	-.0010087
-75.528	-.1092	8.534	.1999	.378	-.0009073
-75.231	.7042	9.541	-.5888	.379	-.0011529
-74.607	.4731	7.526	-.2348	.379	-.0009792
-77.220	-.2162	12.172	-.0889	.380	-.0012366
-77.345	-.5256	9.753	.4690	.382	-.0012514
-73.888	.2415	8.401	.2228	.382	-.0010954
-73.675	-.3257	7.738	-.0230	.382	-.0011485
-74.709	-.3428	11.473	-.2194	.383	-.0008443
-75.388	.5000	10.495	.2455	.383	-.0010612
-77.521	.1370	8.443	.5143	.383	-.0009955
-79.839	-.0852	8.913	-.5220	.383	-.0010120
-74.958	-.2989	8.859	-.7682	.384	-.0011056
-74.731	.3940	10.048	-.3289	.384	-.0010341
-77.637	-.0973	7.49	.6737	.386	-.0009402
-75.701	-.0668	10.178	-.0955	.386	-.0012277
-72.767	.0031	10.571	.1765	.389	-.0010904
-72.971	-.5782	9.835	-.0441	.390	-.0011282
-77.585	.1472	12.182	.2206	.390	-.0010126
-78.387	.2403	8.588	-.4222	.391	-.0011305
-75.336	-.2377	10.543	-.6506	.392	-.0009845
-77.465	.0751	7.746	.2089	.392	-.0011000
-76.949	-.6493	7.419	-.2255	.392	-.0009722
-72.911	-.1888	8.238	.0769	.393	-.0011316
-78.490	.0444	11.126	-.0669	.393	-.0010479
-78.990	-.1954	11.939	.5004	.396	-.0009318
-76.771	.3510	11.68	.2027	.397	-.0011531
-78.825	-.1113	9.934	-.2961	.398	-.0010242
-78.882	-.0390	9.082	-.6455	.398	-.0012858
-74.944	-.3151	6.317	.0185	.398	-.0012511
-77.391	-.3744	13.096	-.2292	.402	-.0009711
-74.717	-.5945	7.625	-.2117	.404	-.0008994
-77.568	-.0802	8.133	-.1853	.405	-.0010872
-76.845	.3041	11.18	-.8093	.405	-.0011390
-78.358	-.1591	11.649	-.3611	.405	-.0012786
-76.052	.1623	13.135	.0010	.407	-.0010715
-74.360	-.1646	11.215	-.6856	.408	-.0012659
-77.266	-.0817	13.045	-.3595	.408	-.0007885
-74.657	-.3508	9.501	-.1846	.408	-.0012348
