-82.282	-.1753	12.217	-.0902	-1.960	.0009302
-83.792	-.0823	9.015	-.7471	-1.960	.0010480
-85.318	-.4111	12.903	.1377	-1.959	.0011301
-87.257	.4010	12.63	.1274	-1.958	.0009296
-84.865	.2498	8.255	-.4488	-1.957	.0009446
-90.250	.2110	8.771	-.0265	-1.957	.0011880
-84.109	.0994	6.94	.3519	-1.956	.0009343
-87.111	-.0975	6.617	-.2059	-1.956	.0008790
-87.657	-.3850	11.867	-.2658	-1.956	.0013199
-84.615	-.6951	10.696	-.1557	-1.956	.0012141
-85.086	.0364	11.077	-.1296	-1.955	.0012144
-84.678	-.3270	8.461	.2199	-1.955	.0010599
-87.790	.5083	8.69	-.5526	-1.952	.0009075
-87.380	-.4988	8.55	-.1213	-1.951	.0010511
-85.903	-.3529	13.085	.1349	-1.951	.0012488
-85.657	-.6030	10.121	.5666	-1.950	.0011646
-84.442	-.2158	7.544	-.3033	-1.950	.0011369
-86.526	.0072	11.368	-.8452	-1.949	.0011557
-84.789	-.0978	12.546	-.7305	-1.947	.0009397
-86.900	-.1056	7.763	.5052	-1.947	.0012551
-86.217	.2413	12.35	.0347	-1.947	.0011598
-88.791	.4281	10.688	.3285	-1.946	.0012609
-85.653	-.2146	8.202	-.4978	-1.946	.0011802
-84.037	-.7261	9.133	.0237	-1.944	.0010400
-86.682	-.5350	9.223	.4895	-1.944	.0009196
-88.519	-.3856	9.755	.1035	-1.942	.0011263
-89.435	-.1418	8.74	-.2078	-1.941	.0009417
-86.267	-.2949	11.499	-.1351	-1.940	.0010468
-83.720	.4730	11.745	.2417	-1.938	.0010084
-86.390	-.1491	12.434	.6779	-1.938	.0010136
-88.086	.7327	9.005	.2404	-1.937	.0010019
-86.245	-.2519	11.963	-.1905	-1.937	.0012581
-85.790	.5924	9.973	-.6780	-1.936	.0010452
-83.874	.4551	11.041	.2202	-1.936	.0011832
-83.787	-.2617	11.069	-.0810	-1.935	.0009025
-81.063	-.0230	9.96	.1432	-1.933	.0009817
-89.487	-.1493	8.424	.0013	-1.933	.0013367
-85.162	.4439	9.448	.2405	-1.932	.0010382
-87.457	-.4105	9.535	-.4222	-1.931	.0011563
-82.549	-.0269	9.428	-.7622	-1.930	.0010003
-83.858	-.0095	8.966	-.0722	-1.930	.0010093
-86.192	-.0396	11.624	-.8285	-1.929	.0010158
-86.111	-.6193	7.273	.0672	-1.927	.0010785
-85.080	.1525	10.627	-.9431	-1.927	.0008943
-82.822	-.2885	8.242	-.5542	-1.927	.0010982
-84.705	.7169	9.06	.3705	-1.926	.0010620
-85.795	-.3927	10.407	-.3892	-1.926	.0013036
-87.349	-.4263	8.893	.2818	-1.926	.0009885
-85.847	.1400	8.615	-.0307	-1.926	.0011351
-87.864	-.1727	10.865	.1921	-1.926	.0008994
-86.689	-.0186	9.195	.7271	-1.925	.0010412
-84.710	.1204	13.038	.1586	-1.924	.0009081
-86.692	-.0692	10.979	.1288	-1.923	.0011300
-85.239	.0213	10.864	.1681	-1.923	.0010807
-82.589	.1791	9.69	.0600	-1.923	.0011700
-86.986	-.0414	13.118	-.1290	-1.922	.0011573
-85.602	-.4179	12.349	.6350	-1.922	.0009696
-86.632	-.1287	11.225	-.7103	-1.921	.0010112
-85.186	.3402	10.318	.0155	-1.920	.0010790
-89.209	-.4625	7.632	-.1045	-1.918	.0011823
-85.242	-.6932	8.077	.3485	-1.918	.0010429
-87.640	.0409	12.317	-.1027	-1.918	.0010405
-83.770	.1448	11.382	-.2372	-1.917	.0010326
-86.379	.0293	9.253	-.1153	-1.917	.0011221
-84.377	-.3696	12.745	-.3055	-1.917	.0009508
-85.541	.6641	11.997	-.2335	-1.916	.0009105
-85.523	.5094	8.921	.3828	-1.916	.0011021
-84.136	.2035	8.8	.3206	-1.915	.0010771
-85.032	-.3495	8.257	.7120	-1.914	.0010590
-85.693	-.0225	9.058	-.1264	-1.914	.0011765
-89.542	.0842	10.201	.1610	-1.914	.0010519
-81.468	-.0763	8.845	.0445	-1.914	.0010581
-85.839	-.2417	10.564	-.4615	-1.913	.0010035
-89.423	-.0467	10.311	.5506	-1.912	.0012792
-87.277	-.5429	8.669	.3612	-1.910	.0010626
-86.624	-.5023	9.67	-.2321	-1.909	.0009012
-85.048	.6346	11.727	.2216	-1.905	.0012173
-87.226	-.6039	10.552	.4465	-1.905	.0010782
-89.942	-.2844	10.418	-.6213	-1.904	.0013171
-88.164	-.1894	11.214	-.5315	-1.904	.0009926
-85.222	.1745	11.997	-.0497	-1.903	.0009763
-82.411	.4282	9.009	.3154	-1.903	.0008556
-84.254	-.1046	7.013	.1245	-1.902	.0012482
-88.187	-.6888	9.58	.1850	-1.901	.0010268
-84.903	.2032	10.05	.4433	-1.901	.0009478
-85.729	.2307	12.317	.1042	-1.901	.0009550
-83.402	-.4106	9.96	-.3895	-1.900	.0011301
-82.096	.2144	9.838	.2341	-1.899	.0010548
-85.070	.4856	7.53	-.5272	-1.898	.0012153
-84.188	-.4193	8.909	-.0154	-1.898	.0010277
-85.593	-.3223	12.104	.6247	-1.898	.0009781
-87.840	-.1094	8.593	.6111	-1.896	.0010177
-84.023	-.3686	10.592	-.4546	-1.896	.0008228
-87.975	-.1742	9.508	.6306	-1.895	.0009770
-87.429	.0160	10.535	.2476	-1.891	.0010372
-82.993	-.0606	9.144	-.2132	-1.890	.0009000
-86.389	-.2058	13.115	-.4795	-1.889	.0011095
-87.660	-.7119	8.646	.0074	-1.888	.0010014
-85.909	.4272	8.072	-.2676	-1.887	.0009409
-88.948	-.6275	9.551	.0056	-1.887	.0012389
-85.491	.3024	7.738	.3002	-1.886	.0012885
-87.353	-.1860	8.918	.8252	-1.885	.0010374
-86.539	.1481	10.236	-.4111	-1.884	.0010514
-86.348	-.0738	6.839	-.5303	-1.883	.0011651
-84.106	-.2023	9.404	.0766	-1.883	.0010590
-86.874	.8247	9.967	.3434	-1.882	.0011809
-87.156	.0115	6.909	-.1039	-1.881	.0008588
-84.334	.5467	11.321	-.1003	-1.879	.0011627
-83.794	-.3309	9.684	-.0991	-1.879	.0009683
-83.758	-.5286	10.058	.5876	-1.877	.0010327
-85.977	-.4513	9.333	-.6081	-1.876	.0012124
-85.883	.1300	8.98	-.0625	-1.876	.0010541
-86.152	-.2524	8.014	.4433	-1.875	.0011973
-87.294	-.0227	9.397	.1294	-1.873	.0011546
-86.092	.8457	8.96	.2061	-1.872	.0011835
-83.424	.1412	12.764	.2908	-1.872	.0008491
-84.634	-.1113	8.625	-.0200	-1.871	.0011435
-85.473	.3672	11.074	.6585	-1.871	.0011730
-85.990	.6259	9.291	.5069	-1.871	.0010523
-84.927	-.2371	10.768	-.5159	-1.870	.0013167
-87.438	.5581	11.53	-.4099	-1.870	.0012818
-83.835	.0171	9.212	.4033	-1.870	.0012020
-86.288	.1866	10.091	.4011	-1.870	.0008306
-85.787	-.1902	6.422	-.1708	-1.869	.0010579
-86.124	-.3675	11.324	-.0351	-1.868	.0010599
-84.227	.0822	8.365	-.0371	-1.867	.0010226
-87.139	.3165	9.667	.7194	-1.865	.0011010
-84.742	.0332	10.733	.2218	-1.863	.0008727
-88.066	.3945	8.566	.2721	-1.862	.0011932
-82.658	-.1442	10.531	.5483	-1.861	.0010884
-87.409	.4630	10.585	-.4135	-1.860	.0011996
-82.761	-.1788	12.485	.1831	-1.860	.0010807
-87.375	.2514	11.128	-.3581	-1.858	.0008951
-85.158	-.2591	9.351	-.3359	-1.858	.0009052
-83.497	-.2272	12.325	.4964	-1.858	.0009034
-84.242	.3175	12.047	-.3809	-1.856	.0011442
-86.292	.3823	11.281	-.7992	-1.856	.0010585
-86.061	-.1794	9.282	.4949	-1.855	.0012183
-86.494	-.2456	10.704	-.8827	-1.855	.0010298
-90.411	.0160	11.277	.4660	-1.854	.0011887
-82.662	-.0092	12.299	.5347	-1.853	.0008384
-87.343	-.4845	11.035	.6443	-1.853	.0010922
-86.058	-.1263	9.18	-.8463	-1.852	.0010149
-82.132	.0912	8.611	-.5293	-1.851	.0010558
-88.187	.2452	10.214	-.2816	-1.848	.0010691
-88.564	-.3377	9.775	.3410	-1.848	.0010432
-86.132	.2202	8.093	.0450	-1.847	.0012214
-84.812	-.0086	8.515	-.5538	-1.847	.0008890
-88.909	-.5875	10.09	.6148	-1.846	.0012914
-83.875	-.2873	10.056	-.8307	-1.845	.0009393
-86.140	.5108	8.769	-.2305	-1.845	.0013002
-88.833	-.0147	8.93	-.2113	-1.845	.0010278
-87.708	.5104	8.356	-.4895	-1.845	.0012719
-89.582	-.2854	10.531	-.0618	-1.843	.0009360
-82.987	-.0693	11.478	.1229	-1.842	.0009010
-88.575	.2371	10.328	-.4598	-1.841	.0012468
-87.579	-.2208	9.873	-.5068	-1.840	.0012458
-85.449	.2604	9.785	.7970	-1.835	.0009692
-87.519	-.1569	7.862	-.1026	-1.834	.0011616
-82.461	.0669	10.252	-.2119	-1.834	.0012302
-88.385	-.4370	12.04	.0868	-1.831	.0009584
-84.575	-.6103	9.101	.0594	-1.828	.0011721
-88.021	.7305	10.452	.1446	-1.828	.0012509
-86.380	-.2602	11.878	.3979	-1.827	.0011369
-89.597	-.2464	10.159	-.1221	-1.825	.0012120
-86.640	-.3144	10.318	.4881	-1.824	.0012667
-83.741	-.3322	8.943	-.4446	-1.824	.0011135
-88.447	-.0250	10.409	.9688	-1.824	.0011751
-88.698	.0467	12.144	.0353	-1.823	.0011036
-89.029	-.2279	9.118	.1586	-1.823	.0011365
-85.442	-.3889	9.58	-.5176	-1.822	.0008822
-85.726	.5122	10.102	.8528	-1.821	.0011176
-90.233	.0882	11.888	-.0542	-1.821	.0012567
-89.046	.2415	8.192	.4735	-1.820	.0010229
-85.379	-.4910	12.772	.2162	-1.820	.0009852
-83.983	-.0504	8.493	.0079	-1.818	.0009356
-89.631	-.2758	10.378	.2112	-1.818	.0011650
-89.614	.1590	10.562	.2130	-1.818	.0011937
-88.243	-.0005	8.619	-.1107	-1.818	.0011253
-86.320	.2515	11.848	.2776	-1.814	.0011880
-85.063	.4682	8.844	.2417	-1.812	.0011520
-84.648	.0516	10.753	-.4038	-1.812	.0010228
-83.089	-.1147	10.261	.2199	-1.812	.0009260
-87.225	.1906	11.334	.3526	-1.810	.0012200
-82.770	.1459	9.649	-.2704	-1.809	.0012173
-87.189	-.1357	11.359	-.2958	-1.808	.0009912
-87.711	-.2960	11.097	-.3062	-1.808	.0009765
-83.459	.3687	8.711	-.5934	-1.806	.0009583
-83.228	-.4985	8.305	.1132	-1.806	.0011097
-87.070	-.5503	10.52	.6788	-1.806	.0009806
-83.459	.6015	9.125	-.5726	-1.805	.0008958
-85.234	.5240	12.514	-.3196	-1.805	.0010453
-89.647	.5217	9.116	.1410	-1.802	.0010513
-87.068	.2680	10.468	.7681	-1.802	.0010575
-82.567	.2517	12.078	-.4389	-1.801	.0010533
-86.822	-.5040	9.798	-.6396	-1.801	.0010589
-89.739	.0869	11.895	.2753	-1.800	.0010119
-83.722	-.1272	9.022	-.5791	-1.800	.0010916
-83.993	.1447	10.984	.1888	-1.799	.0011088
-87.657	.0753	9.927	-.8849	-1.799	.0010377
-86.513	.3527	12.265	.3209	-1.799	.0009504
-87.298	-.5585	7.364	.0247	-1.799	.0012591
-88.636	-.3839	11.634	.5909	-1.797	.0013035
-86.986	.4244	9.164	.4158	-1.796	.0011598
-86.503	.2356	11.115	.6440	-1.796	.0011723
-87.749	-.6865	10.156	-.5116	-1.795	.0010702
-84.604	-.0807	8.779	-.8570	-1.795	.0010421
-83.783	.1944	9.499	.3947	-1.795	.0008693
-85.613	-.5018	7.534	-.4246	-1.795	.0011247
-84.475	-.1544	10.35	.8236	-1.794	.0013289
-85.757	.5986	10.084	-.3372	-1.794	.0010644
-84.052	-.2174	12.359	.3768	-1.794	.0012154
-85.890	-.4204	10.821	.0921	-1.793	.0010357
-86.230	-.7080	7.791	-.1229	-1.793	.0011992
-86.591	-.1648	9.985	-.5751	-1.793	.0011681
-87.242	.4911	12.053	-.1030	-1.792	.0010894
-86.894	.2381	7.999	-.7469	-1.792	.0012575
-86.670	-.2452	11.333	-.2820	-1.791	.0011228
-85.267	-.3523	7.701	-.1454	-1.790	.0011019
-84.316	.0262	8.22	.1860	-1.789	.0010905
-82.419	-.3396	9.176	-.0134	-1.789	.0010007
-84.412	-.0780	9.956	-.7948	-1.787	.0011497
-86.903	.6247	11.264	.4756	-1.787	.0010339
-86.057	.0535	11.117	.0243	-1.786	.0009846
-86.874	.4972	12.244	.3088	-1.785	.0009581
-90.295	-.2418	11.209	.0729	-1.784	.0012517
-88.607	-.1275	10.253	.3095	-1.784	.0009596
-87.737	-.0713	9.755	.5164	-1.783	.0013025
-87.373	.2219	11.954	-.0169	-1.783	.0009084
-87.003	-.4715	7.302	-.4525	-1.783	.0011716
-85.618	.1554	7.937	-.3907	-1.780	.0009148
-85.771	.1640	13.805	-.1689	-1.780	.0010974
-81.420	.0693	9.405	-.0832	-1.780	.0010116
-85.907	.3479	6.954	.1172	-1.779	.0011117
-85.439	.1413	10.199	-.6028	-1.778	.0010266
-88.650	-.0858	9.455	-.6261	-1.777	.0012102
-85.718	-.2033	10.606	-.5992	-1.777	.0010342
-83.440	-.0376	9.605	.5975	-1.777	.0008839
-85.251	-.5965	10.553	-.0983	-1.776	.0010388
-90.927	.0312	10.32	.2829	-1.776	.0011817
-87.142	.2633	12.617	-.2838	-1.775	.0012666
-84.292	-.1215	11.21	-.5683	-1.774	.0009869
-88.548	-.1002	11.132	-.1015	-1.774	.0012529
-85.174	.2137	6.374	-.3537	-1.770	.0009039
-84.417	.4828	12.132	.1749	-1.770	.0010546
-86.660	-.0866	6.937	-.6895	-1.769	.0011650
-85.118	-.1601	12.182	-.4040	-1.767	.0012610
-85.280	.3968	10.553	.0712	-1.767	.0010970
-83.670	.4860	10.404	.1078	-1.767	.0009339
-85.822	.0928	11.293	-.4466	-1.767	.0011599
-87.678	.3404	10.036	-.3176	-1.767	.0009245
-85.709	.2322	8.426	-.2792	-1.766	.0012313
-84.805	-.0906	7.623	.2923	-1.766	.0011756
-86.007	.3233	7.708	.3735	-1.766	.0011176
-86.583	-.2581	10.59	.9730	-1.765	.0009400
-83.130	.0941	8.107	-.0041	-1.765	.0011682
-86.425	.5683	11.747	.0184	-1.765	.0010545
-83.715	.4337	8.322	.3839	-1.764	.0011809
-86.098	.0113	10.571	-.4736	-1.764	.0011051
-83.039	-.3508	9.418	-.2269	-1.764	.0008712
-85.292	-.2125	9.575	.5702	-1.763	.0010489
-88.803	-.0112	8.871	.3650	-1.763	.0010104
-87.552	-.4309	9.596	.0877	-1.762	.0012488
-86.630	.4963	9.085	-.2429	-1.762	.0010645
-85.962	-.4390	11.365	.5064	-1.761	.0009802
-90.302	-.0019	10.989	-.1840	-1.761	.0012239
-82.442	.1557	10.498	.4109	-1.761	.0009476
-84.653	.5387	7.073	-.0141	-1.760	.0009092
-88.567	-.1049	7.693	-.1789	-1.759	.0009130
-87.005	-.3805	10.542	.8648	-1.759	.0011416
-83.444	.1319	11.527	-.2391	-1.758	.0011155
-82.560	.1219	11.05	-.7324	-1.757	.0010528
-85.032	-.1566	12.3	-.6781	-1.754	.0009170
-82.472	.3255	10.305	-.5510	-1.752	.0010781
-85.660	.0308	13.297	-.5239	-1.751	.0010808
-87.552	.7235	7.943	.3065	-1.748	.0012726
-88.981	-.1972	9.635	-.5730	-1.747	.0009202
-86.991	.5547	10.635	-.4507	-1.744	.0010757
-81.556	.1817	10.885	.0228	-1.742	.0008474
-84.878	-.1326	13.258	-.0919	-1.742	.0011068
-87.711	.2255	7.736	-.2852	-1.741	.0011851
-84.541	-.3287	10.704	.7980	-1.739	.0009757
-88.590	.6959	10.259	-.3561	-1.738	.0012133
-88.003	.3124	8.994	.4130	-1.738	.0008842
-86.704	.7421	9.839	-.3575	-1.738	.0010739
-83.687	.2893	12.07	-.0423	-1.737	.0008486
-82.666	-.4289	9.86	-.1928	-1.736	.0009006
-86.471	.4817	11.148	-.6765	-1.735	.0011564
-84.138	.2973	7.573	-.4728	-1.735	.0009645
-85.133	-.4790	7.603	.2057	-1.735	.0011970
-87.671	.2676	10.566	.9076	-1.734	.0009472
-86.766	-.4751	9.885	.1468	-1.734	.0009126
-86.878	.1008	9.196	.4916	-1.731	.0009683
-89.493	-.4574	9.746	.3005	-1.731	.0010629
-83.472	-.0870	7.993	-.7483	-1.728	.0010596
-87.977	-.0040	11.149	.1689	-1.727	.0012592
-89.348	-.2121	11.867	.4622	-1.727	.0010374
-85.482	-.2297	12.023	.6364	-1.726	.0009748
-83.107	.4076	11.443	.1219	-1.726	.0009477
-86.802	-.0684	9.254	.5419	-1.726	.0009376
-84.691	.4852	8.532	.5326	-1.726	.0011597
-87.227	-.3171	12.025	.7068	-1.726	.0011492
-86.244	-.1926	9.58	-.3074	-1.725	.0008889
-84.105	.4661	9.801	.3897	-1.724	.0013105
-86.165	-.2243	8.67	.1731	-1.722	.0009258
-85.110	.1316	10.536	-.5559	-1.720	.0011609
-82.672	.2128	7.9	-.2451	-1.720	.0011683
-88.465	-.1689	9.063	-.0681	-1.720	.0010969
-87.182	-.1575	8.324	.2534	-1.720	.0011504
-83.700	.0284	8.019	.0089	-1.718	.0011543
-86.218	-.7391	10.865	.0498	-1.718	.0011504
-87.114	-.0067	11.398	.6535	-1.718	.0009780
-86.890	.2884	9.02	.4376	-1.718	.0011048
-88.397	-.2211	7.861	.6958	-1.717	.0012523
-87.879	-.4111	10.063	-.0685	-1.717	.0010889
-82.935	.1477	9.944	-.1339	-1.716	.0011206
-86.634	-.1861	7.902	-.8094	-1.716	.0010930
-88.891	.4130	11.066	-.7215	-1.716	.0011505
-86.937	.3996	10.164	-.4038	-1.715	.0011815
-84.762	-.6065	9.416	.5599	-1.713	.0010857
-83.401	-.4983	11.984	-.2155	-1.713	.0011388
-88.478	.6242	10.75	-.3260	-1.713	.0011983
-87.284	.4080	10.985	.6987	-1.712	.0008480
-87.768	.4301	9.416	.2326	-1.711	.0009611
-87.835	-.1760	8.977	.7058	-1.710	.0012165
-89.896	-.0622	8.839	.3754	-1.710	.0010491
-85.629	.2734	10.763	-.9538	-1.709	.0009260
-83.919	.0605	11.405	.2031	-1.707	.0008280
-83.364	.6203	11.246	.2340	-1.707	.0008431
-83.644	-.6513	11.713	.0504	-1.705	.0010928
-87.564	-.6145	11.382	-.2888	-1.704	.0011189
-83.747	.3476	7.069	-.2635	-1.703	.0009829
-89.974	-.1318	10.361	.3802	-1.700	.0011156
-82.749	-.3054	10.035	.6372	-1.700	.0009371
-84.858	.6268	7.651	-.1621	-1.700	.0011357
-85.771	-.1276	8.656	-.6601	-1.699	.0011834
-85.869	-.4838	12.169	-.3291	-1.699	.0010105
-84.199	.3889	12.643	.3907	-1.698	.0010563
-85.660	.4191	9.207	-.3796	-1.698	.0011205
-87.072	-.4169	11.483	-.3753	-1.698	.0012684
-85.260	-.2248	8.204	-.3551	-1.698	.0010319
-86.586	-.0713	10.103	-.4718	-1.697	.0011814
-83.293	.6283	10.405	.5139	-1.696	.0009395
-86.016	-.2647	6.498	.2532	-1.696	.0010908
-81.982	.0304	12.232	-.4564	-1.696	.0009345
-89.261	-.1195	9.588	.0686	-1.696	.0010367
-87.613	-.5630	7.741	.1749	-1.695	.0010563
-83.919	-.4330	12.108	.0135	-1.695	.0008870
-83.888	.0206	11.501	-.5258	-1.695	.0011815
-86.657	-.1681	9.4	.9007	-1.693	.0010674
-85.736	-.5014	11.257	-.5450	-1.693	.0008855
-86.260	-.0059	8.914	.0740	-1.692	.0010064
-85.816	-.2860	9.49	-.1681	-1.692	.0011877
-87.191	-.0101	6.605	.1971	-1.691	.0010157
-84.699	-.1180	9.063	-.5968	-1.690	.0009821
-85.437	.2786	8.453	.1426	-1.690	.0011605
-84.986	.1529	9.741	.3910	-1.690	.0010832
-81.694	.1246	11.656	.2034	-1.689	.0009126
-88.859	.0876	10.886	-.4573	-1.689	.0011952
-86.708	-.6163	9.453	-.4076	-1.688	.0009957
-86.004	-.4488	7.271	.1143	-1.688	.0011502
-85.540	.5856	10.296	-.7513	-1.688	.0011539
-87.001	-.3140	8.849	.0607	-1.688	.0011620
-85.235	-.7206	9.999	.4937	-1.688	.0012025
-83.567	-.0251	10.177	.2420	-1.687	.0011453
-88.068	-.2355	11.277	.7074	-1.687	.0010515
-82.001	-.3071	9.457	.2362	-1.687	.0011473
-89.399	-.3645	8.771	.6217	-1.686	.0011985
-87.570	.1725	10.577	-.3094	-1.685	.0010003
-88.250	.1926	7.953	.2649	-1.685	.0011501
-85.469	.1361	10.804	.4850	-1.684	.0010687
-90.023	-.3569	10.049	.2878	-1.683	.0012595
-90.623	.1094	8.012	.1577	-1.681	.0012889
-85.064	-.2448	10.125	.0397	-1.681	.0010089
-85.963	-.2630	10.424	.7668	-1.681	.0010423
-90.677	-.0422	9.334	.3028	-1.680	.0010683
-84.008	-.4648	7.311	.0630	-1.678	.0011300
-85.177	-.0456	9.04	-.4998	-1.677	.0011045
-83.279	-.5879	9.636	-.5337	-1.677	.0010239
-82.593	-.4838	11.846	-.1854	-1.676	.0009385
-85.675	-.6765	8.669	-.1372	-1.675	.0009658
-89.161	.6469	10.159	-.3013	-1.674	.0012064
-87.406	.5093	10.147	.0005	-1.673	.0009819
-84.534	-.0521	8.316	-.1838	-1.673	.0011451
-88.741	-.0598	8.345	.6586	-1.672	.0010005
-83.712	.1958	7.213	.2243	-1.669	.0010188
-85.349	.5237	10.359	-.4447	-1.669	.0011866
-86.089	-.0143	6.802	-.5491	-1.668	.0010895
-86.920	.3514	12.719	.5437	-1.666	.0010096
-84.999	-.2767	12.386	-.0418	-1.666	.0011659
-85.958	.3292	8.089	.4909	-1.665	.0011783
-87.176	-.2848	11.662	.3236	-1.664	.0010637
-87.417	.1764	9.061	-.6291	-1.664	.0008533
-83.717	-.0347	9.16	-.6055	-1.663	.0009379
-83.615	.1918	10.401	-.7571	-1.662	.0009072
-84.002	.1058	7.231	-.4451	-1.661	.0012068
-90.740	-.2237	10.811	-.0505	-1.660	.0011908
-87.998	.2932	10.474	-.8185	-1.658	.0010530
-90.286	.3341	9.156	.0940	-1.658	.0010850
-88.024	.5409	10.609	-.0353	-1.658	.0011071
-87.408	-.6944	9.832	.3564	-1.658	.0010717
-84.293	-.1198	10.961	-.7887	-1.657	.0009381
-85.906	-.0351	6.357	-.3961	-1.657	.0009694
-86.055	-.5045	10.787	-.4636	-1.655	.0009537
-82.833	.1861	6.889	-.0798	-1.654	.0009347
-87.318	.5312	8.333	.1875	-1.654	.0011827
-87.303	.5859	10.537	-.6643	-1.651	.0009798
-86.094	-.2634	9.538	.2179	-1.650	.0012030
-82.493	.0713	7.034	-.0840	-1.650	.0009987
-87.406	.2225	8.54	.2542	-1.650	.0011363
-84.136	-.1343	10.438	.6190	-1.649	.0011493
-86.937	.3332	7.704	-.2669	-1.648	.0009243
-88.507	.0975	12.034	.5248	-1.647	.0011275
-84.938	-.6065	12.005	.3647	-1.646	.0012836
-85.890	.6397	11.913	-.0297	-1.645	.0008764
-85.671	-.4422	9.286	.5446	-1.644	.0011038
-84.063	.2627	10.973	.9052	-1.643	.0010175
-83.708	.3827	9.495	-.2955	-1.642	.0009288
-85.815	.2017	7.466	-.0491	-1.641	.0011524
-85.819	-.1143	10.499	-.1678	-1.639	.0013110
-82.746	-.0545	12.022	-.3721	-1.639	.0011134
-86.765	-.0247	6.966	.2287	-1.638	.0009673
-86.518	.3916	11.768	-.4453	-1.638	.0011080
-86.731	.5703	8.122	.4530	-1.637	.0012464
-87.944	-.3203	11.971	-.3697	-1.636	.0012522
-86.070	.2923	10.005	-.0854	-1.636	.0009368
-83.400	.1560	9.154	-.1442	-1.635	.0011539
-84.725	-.1678	10.164	-.6190	-1.634	.0011762
-83.194	-.3670	11.365	.0679	-1.634	.0011013
-87.985	-.3963	10.259	-.3856	-1.634	.0010436
-87.942	-.0216	8.948	.8912	-1.633	.0010060
-85.483	-.1780	8.206	-.0937	-1.632	.0010317
-88.153	-.3112	9.651	-.3940	-1.631	.0011866
-87.472	.8650	9.773	-.2354	-1.630	.0011571
-86.821	-.1328	9.07	-.1249	-1.630	.0012863
-89.260	-.5687	9.229	-.1082	-1.630	.0011147
-85.954	.2246	9.448	-.5950	-1.629	.0011308
-87.287	.3457	8.082	.2474	-1.628	.0011336
-86.021	.5894	10.22	.3300	-1.628	.0010417
-88.838	.2307	11.317	.2955	-1.625	.0011662
-87.067	.4508	10.751	-.0186	-1.625	.0010052
-85.655	.1974	7.368	-.0111	-1.624	.0010950
-84.920	-.3021	9.986	.3142	-1.623	.0010798
-83.228	-.0887	11.059	.5225	-1.623	.0010211
-84.610	.2723	6.371	.2458	-1.622	.0008446
-86.539	.2666	11.308	.2490	-1.621	.0011399
-85.391	-.2736	7.732	.1019	-1.621	.0009064
-86.932	.0509	10.081	.5444	-1.621	.0011824
-84.243	.2572	12.16	-.7560	-1.621	.0010144
-86.724	.5789	11.265	.7214	-1.620	.0009507
-86.008	-.5147	11.126	-.2440	-1.619	.0012146
-89.821	.1475	9.098	.5463	-1.617	.0010458
-84.566	.0904	10.212	.3243	-1.616	.0010682
-82.394	.2182	11.308	.4882	-1.616	.0009558
-87.283	.2965	12.747	-.4146	-1.615	.0011913
-89.346	-.2996	7.013	-.0943	-1.615	.0013134
-84.100	-.3651	9.914	-.2207	-1.615	.0008960
-85.451	.1765	8.142	.0115	-1.615	.0010260
-84.301	.0187	10.2	.2875	-1.615	.0010529
-88.086	.5202	12.015	.1268	-1.614	.0011170
-82.197	.0834	11.785	-.3290	-1.613	.0008889
-86.875	.4452	10.635	-.1720	-1.611	.0011187
-85.124	-.2206	9.422	.1040	-1.609	.0013165
-85.452	.1178	8.593	.5620	-1.608	.0011100
-85.746	.2742	12.362	-.1471	-1.608	.0010308
-86.217	.2554	7.014	.3028	-1.608	.0010845
-85.179	-.6018	9.732	-.5206	-1.607	.0011054
-85.049	.1891	7.924	.7282	-1.607	.0010767
-83.138	.0319	6.75	.1082	-1.606	.0009516
-88.861	.0540	11.079	-.7782	-1.603	.0011888
-84.223	-.3794	12.553	.0429	-1.601	.0009116
-87.471	-.0798	9.882	-.2589	-1.601	.0011498
-89.254	.0002	10.682	.6346	-1.600	.0010598
-86.929	.4769	7.06	-.3696	-1.598	.0012185
-84.445	.2895	11.879	-.5539	-1.597	.0010840
-85.464	.0216	10.54	.5259	-1.595	.0009401
-86.651	-.0879	10.662	.2625	-1.594	.0009017
-88.569	-.4115	11.808	-.6636	-1.594	.0012502
-84.523	-.1471	11.29	-.2180	-1.593	.0010066
-85.096	.5703	8.069	-.0055	-1.593	.0010002
-84.778	.1737	7.564	.4616	-1.593	.0009943
-85.369	.0006	8.65	.7641	-1.592	.0011180
-87.853	.3452	10.114	-.4025	-1.592	.0010071
-86.914	-.2826	9.283	-.1893	-1.592	.0010640
-86.345	-.1355	11.719	-.8956	-1.591	.0009330
-85.612	-.0841	6.388	.0096	-1.590	.0009839
-87.694	-.0587	11.472	-.3960	-1.590	.0012304
-84.320	.0459	11.197	.7664	-1.589	.0010253
-82.405	-.4562	9.982	.2958	-1.589	.0008433
-85.294	-.4044	10.554	-.3255	-1.589	.0010685
-85.619	.1749	9.636	-.3486	-1.588	.0008609
-83.910	-.3812	11.711	-.0768	-1.588	.0009430
-85.092	-.2504	7.54	.1380	-1.587	.0010529
-88.250	.4189	9.665	-.2885	-1.586	.0012047
-86.643	-.4147	9.835	.3977	-1.585	.0010437
-84.566	-.1294	11.886	-.5408	-1.585	.0008922
-84.525	.6175	9.857	.4136	-1.585	.0012246
-88.116	-.0932	12.719	-.1094	-1.584	.0012263
-88.594	.0800	8.985	.3431	-1.583	.0012331
-89.369	-.5261	8.633	.4309	-1.581	.0013173
-88.049	-.2606	10.739	-.7656	-1.580	.0011495
-87.946	.3916	9.926	-.3634	-1.580	.0010909
-86.499	.4801	9.728	-.7414	-1.579	.0011514
-85.676	-.6281	8.237	.3978	-1.578	.0009489
-84.503	.6857	10.532	.1488	-1.576	.0010917
-88.922	-.3409	11.655	.1355	-1.574	.0013193
-87.436	.0272	8.73	.0253	-1.572	.0010845
-83.783	-.3130	9.436	.2969	-1.572	.0009989
-84.362	.0878	8.116	-.2933	-1.572	.0009455
-87.198	-.5306	9.901	.0685	-1.570	.0011971
-88.244	-.1857	7.702	.3453	-1.570	.0010044
-88.420	-.0570	7.743	-.2182	-1.567	.0010675
-89.966	-.0934	8.567	-.1707	-1.564	.0009684
-85.887	-.0211	8.947	-.5622	-1.563	.0010457
-87.864	-.4345	10.564	-.1742	-1.563	.0011454
-87.406	.3647	10.779	.7641	-1.562	.0011540
-85.178	-.3093	10.241	-.9254	-1.562	.0011234
-86.438	-.5862	9.789	.4941	-1.560	.0010167
-86.619	-.6127	8.962	-.0684	-1.560	.0012875
-85.586	.1431	8.89	.2343	-1.558	.0011337
-86.475	.1639	9.827	-.1417	-1.558	.0011937
-86.876	-.4484	8.688	.2057	-1.556	.0011895
-86.786	.2949	9.105	-.5013	-1.556	.0009705
-88.285	-.3284	9.827	.5902	-1.555	.0010109
-81.098	.1296	8.641	-.3451	-1.555	.0009105
-84.313	.4547	12.766	.4563	-1.554	.0009380
-84.259	.3939	9.528	-.7252	-1.552	.0009170
-86.888	.7111	10.363	.3290	-1.552	.0011204
-88.343	-.1195	8.38	-.3815	-1.546	.0009154
-86.718	-.0890	8.593	.5269	-1.546	.0011317
-83.846	.4588	9.982	.3531	-1.545	.0010159
-85.125	.3646	10.155	-.3943	-1.545	.0011203
-85.942	-.5424	10.253	.6014	-1.544	.0010181
-88.557	-.0685	12.592	.2960	-1.543	.0011282
-85.399	-.1166	7.094	-.0800	-1.543	.0009727
-86.458	.0080	7.648	-.4572	-1.541	.0010540
-84.716	-.5210	11.617	.6259	-1.541	.0011942
-90.895	-.3397	10.219	.2688	-1.540	.0013036
-83.590	.6932	11.854	-.2284	-1.540	.0009983
-90.526	-.0709	11.843	.3357	-1.539	.0012328
-88.013	-.0012	9.547	.4423	-1.539	.0008561
-82.054	.3147	11.209	-.1715	-1.539	.0009703
-84.431	-.2523	10.705	-.6329	-1.537	.0011253
-85.751	.4195	9.014	.1380	-1.536	.0010721
-86.885	.0764	9.772	.6172	-1.536	.0008365
-87.461	.6973	9.759	-.0441	-1.535	.0010310
-85.366	-.0183	12.325	.6689	-1.535	.0011874
-85.503	.2180	13.578	.0287	-1.535	.0009628
-84.341	.5086	11.791	.4324	-1.534	.0011284
-83.154	-.3107	9.752	-.4618	-1.534	.0011374
-85.345	-.0749	7.157	-.4683	-1.533	.0012689
-85.495	-.2339	7.703	.1369	-1.533	.0010418
-87.725	.7350	10.647	-.2574	-1.533	.0009906
-89.310	.3436	10.267	-.3566	-1.532	.0010029
-88.959	-.1496	9.854	.0671	-1.532	.0012088
-89.465	.0224	9.293	.4083	-1.532	.0010638
-82.332	-.3328	12.423	.0771	-1.531	.0008650
-85.941	.1583	7.487	.7099	-1.530	.0011717
-89.028	.5618	10.37	-.3981	-1.528	.0012776
-85.446	-.5380	11.417	-.7011	-1.527	.0009594
-85.923	.3210	8.965	.0396	-1.527	.0009041
-88.656	-.3246	12.075	.2488	-1.527	.0009231
-85.511	.4916	8.597	.2979	-1.525	.0012040
-84.322	-.2107	9.906	.7055	-1.525	.0011062
-82.144	.2261	9.231	-.5634	-1.524	.0010579
-84.940	-.0670	6.396	.0316	-1.524	.0009728
-87.114	-.0096	10.108	.3976	-1.524	.0009730
-85.209	.3014	11.716	-.2909	-1.524	.0011361
-85.216	-.1849	11.482	-.1935	-1.524	.0012325
-85.733	-.1335	11.869	-.0557	-1.524	.0010037
-90.498	.1668	8.702	-.0090	-1.523	.0012145
-86.242	-.2498	9.355	-.1644	-1.523	.0011062
-85.049	-.2631	10.452	-.0235	-1.523	.0010542
-85.747	-.1459	8.099	-.8317	-1.522	.0010150
-89.228	-.5771	9.758	.1559	-1.522	.0011017
-83.831	.4175	7.945	-.1681	-1.522	.0011961
-86.599	.0959	9.944	-.1560	-1.521	.0010483
-87.695	-.0757	8.019	.0195	-1.519	.0010522
-87.946	-.4442	12.325	-.5053	-1.517	.0010530
-86.756	.3098	9.11	-.5353	-1.516	.0011280
-85.399	-.0432	6.703	.0694	-1.516	.0009178
-90.332	.0477	9.62	-.3904	-1.515	.0012051
-88.815	-.2272	10.227	-.6925	-1.514	.0009878
-84.006	-.0850	9.061	.5265	-1.513	.0012360
-84.909	-.5077	9.451	-.1147	-1.512	.0010089
-82.984	-.0079	11.187	.6358	-1.512	.0009242
-85.306	.4526	9.441	.5181	-1.511	.0011976
-85.969	.3559	8.894	.1713	-1.510	.0012479
-86.410	.2047	13.406	.0253	-1.508	.0011548
-81.747	-.0705	11.132	-.3681	-1.508	.0010441
-86.017	-.1153	10.453	-.2302	-1.506	.0011533
-81.682	-.3017	9.97	.1353	-1.506	.0009418
-83.909	.3679	11.458	-.1111	-1.505	.0012338
-85.549	.5578	10.82	.5027	-1.504	.0010072
-85.157	-.2204	8.243	-.6185	-1.504	.0011407
-83.525	-.6280	10.673	-.6637	-1.502	.0008321
-84.294	.5586	11.934	-.1281	-1.502	.0010737
-89.488	.4079	10.052	.4415	-1.502	.0012052
-87.520	.3671	9.836	-.0084	-1.499	.0009709
-87.055	-.1186	10.049	.5055	-1.499	.0012226
-86.327	.6036	9.849	-.2798	-1.499	.0009976
-87.672	-.4390	9.478	.2248	-1.498	.0008319
-86.036	.1170	11.417	.4782	-1.498	.0011773
-86.348	.0373	11.283	.4361	-1.498	.0011019
-85.397	-.3356	13.069	.0318	-1.497	.0009421
-88.337	.1648	12.055	-.7533	-1.494	.0011702
-82.960	.0210	10.575	-.1992	-1.494	.0010764
-85.491	-.3505	8.367	-.4059	-1.492	.0011023
-83.963	-.2480	11.118	-.3448	-1.491	.0011396
-89.043	-.2253	7.247	.1308	-1.491	.0011254
-84.447	.0330	10.353	-.9043	-1.491	.0010730
-82.417	-.0505	8.265	.0963	-1.489	.0011481
-84.032	-.4196	8.736	-.6117	-1.488	.0011295
-87.983	-.3468	12.384	.0198	-1.488	.0010892
-84.786	-.4840	12.204	-.5014	-1.488	.0009660
-88.142	.0986	9.992	-.0756	-1.487	.0013074
-88.557	-.2909	9.544	-.3129	-1.487	.0010776
-88.597	-.0095	9.984	-.6212	-1.487	.0010044
-85.165	-.1874	8.33	-.1616	-1.487	.0008979
-85.934	-.5958	10.073	-.3004	-1.485	.0009879
-82.597	.0974	8.589	-.3135	-1.484	.0008907
-83.279	.3277	10.123	.1970	-1.484	.0010282
-88.631	.5063	10.596	.5511	-1.484	.0010227
-87.475	-.0288	9.704	.5740	-1.483	.0011731
-86.856	.4318	11.636	.1578	-1.482	.0009643
-82.984	-.2007	9.075	-.1353	-1.479	.0010232
-86.005	.1828	12.457	.4724	-1.479	.0012399
-82.838	.2647	11.414	.3561	-1.478	.0009509
-84.212	-.5462	10.734	.4240	-1.478	.0008799
-83.844	.0838	10.672	-.1274	-1.478	.0009896
-82.221	.2877	9.089	.5778	-1.478	.0009650
-88.055	-.2855	10.589	-.0018	-1.478	.0008478
-87.259	.0726	8.811	.3102	-1.476	.0009844
-82.809	.1621	8.6	-.1826	-1.476	.0011426
-87.663	.3221	13.402	-.1469	-1.476	.0013095
-86.361	.6384	9.603	-.0297	-1.476	.0010852
-86.566	.4956	10.904	.8445	-1.475	.0009835
-82.619	.4343	8.537	-.0788	-1.475	.0010558
-87.606	-.0226	8.453	.0772	-1.475	.0010655
-87.493	-.3101	7.73	-.0763	-1.475	.0009417
-84.810	-.1662	8.013	-.8190	-1.474	.0009458
-85.863	-.0246	10.298	.0792	-1.473	.0009632
-86.292	.7930	10.822	.1241	-1.472	.0011501
-85.235	.2224	9.852	.8559	-1.470	.0012901
-88.415	-.2007	12.165	.7153	-1.468	.0011004
-87.143	.6713	9.36	-.4412	-1.467	.0011468
-87.530	-.2408	11.719	-.2358	-1.467	.0009183
-85.828	.5894	12.613	-.0918	-1.466	.0009844
-84.590	.1882	10.102	.2381	-1.466	.0010693
-82.239	-.2579	9.246	.2248	-1.463	.0010601
-83.804	-.2351	10.055	-.2798	-1.463	.0010133
-85.423	-.2694	7.537	.0699	-1.463	.0008578
-83.765	-.1172	11.253	.1738	-1.463	.0012003
-82.659	-.0316	7.359	.3316	-1.461	.0010995
-85.225	.0514	10.152	-.4456	-1.461	.0012329
-86.604	.0782	12.889	.5311	-1.461	.0009347
-88.386	-.0724	8.576	.7803	-1.460	.0011166
-86.498	.1341	10.673	-.8168	-1.460	.0011845
-88.251	.4791	8.558	-.1329	-1.460	.0009598
-86.346	-.0602	13.198	-.1923	-1.459	.0013102
-82.043	.1553	7.931	-.0694	-1.459	.0010695
-85.556	.1376	9.539	.4566	-1.459	.0010923
-86.455	-.1216	7.819	-.0382	-1.458	.0012147
-85.352	-.0395	7.842	.1993	-1.457	.0010076
-85.273	-.3810	10.581	.6634	-1.457	.0011019
-83.655	.2440	9.24	-.2260	-1.456	.0008870
-90.183	-.2736	9.498	-.0628	-1.456	.0011376
-89.213	-.0917	12.534	-.1063	-1.455	.0011092
-89.489	-.0644	9.312	.0349	-1.455	.0012523
-84.658	.0184	11.454	-.6322	-1.454	.0008936
-86.588	.0334	9.442	-.2032	-1.454	.0008891
-83.168	.0232	10.609	.3822	-1.454	.0009879
-85.771	.4533	10.699	-.1990	-1.451	.0010753
-88.166	-.0815	7.806	.2341	-1.451	.0010840
-84.907	.3851	6.701	.0586	-1.450	.0008377
-88.425	.4842	9.334	-.3392	-1.449	.0009345
-84.515	-.2316	9.351	1.0163	-1.449	.0010274
-88.946	.2217	8.977	-.4809	-1.449	.0009846
-86.256	.7401	11.527	.0366	-1.448	.0010872
-89.715	-.5182	11.009	-.2571	-1.448	.0012502
-84.872	-.0825	10.805	.4243	-1.448	.0010802
-88.839	-.2030	12.567	.1519	-1.448	.0011227
-88.885	.0783	10.743	-.0253	-1.448	.0009282
-85.484	.3618	8.405	-.6720	-1.447	.0011398
-86.227	.3901	13.577	.1758	-1.446	.0009845
-87.692	.0186	8.387	-.0960	-1.445	.0011719
-85.571	.0500	10.466	-.3439	-1.443	.0010326
-82.873	.5671	11.557	.4550	-1.442	.0008789
-84.670	.1586	9.862	-.6358	-1.442	.0010665
-85.847	-.5644	9.588	.3039	-1.440	.0009025
-88.055	.3300	12.015	-.5705	-1.440	.0012325
-86.666	-.1543	7.093	.4376	-1.438	.0012396
-84.528	-.3855	8.77	.5509	-1.438	.0010316
-88.751	-.0469	10.856	-.3675	-1.437	.0010501
-87.639	.1768	8.32	-.0950	-1.435	.0011410
-85.834	-.0327	9.541	-.2055	-1.433	.0008990
-84.098	-.1354	11.052	.6899	-1.432	.0010058
-88.375	-.3161	10.387	.1408	-1.430	.0011407
-84.704	.5645	11.553	-.0308	-1.430	.0011595
-81.414	-.0458	11.091	.5293	-1.430	.0009372
-84.873	-.4646	12.765	-.1154	-1.430	.0010495
-87.022	-.4342	10.53	.1052	-1.429	.0011740
-86.344	-.0552	9.877	-.5301	-1.429	.0010010
-84.537	-.2225	9.863	-.4237	-1.429	.0008738
-86.760	.1401	12.291	.6728	-1.427	.0010681
-87.776	-.2055	9.579	-.5640	-1.427	.0010512
-86.301	.6611	9.236	.3744	-1.426	.0011284
-83.847	.2747	12.24	.2192	-1.425	.0011037
-84.377	-.3904	9.393	-.5065	-1.424	.0010027
-85.121	-.0457	10.208	.1423	-1.424	.0011513
-85.401	-.0149	6.946	.6038	-1.423	.0012409
-86.676	-.5712	8.921	-.2120	-1.423	.0011886
-91.668	-.1180	9.785	-.3603	-1.422	.0013280
-85.338	.8081	10.05	.1988	-1.422	.0010103
-86.259	.2542	10.059	.6149	-1.421	.0010281
-84.571	.1829	12.093	-.0421	-1.421	.0011153
-83.540	-.0377	11.59	.2596	-1.421	.0010393
-84.459	-.4676	12.02	-.4232	-1.420	.0011250
-82.290	-.1258	7.972	.1598	-1.420	.0009544
-86.522	.6782	9.536	-.5700	-1.420	.0009354
-83.380	-.3728	8.427	-.0762	-1.419	.0009737
-87.677	.1123	9.912	.8270	-1.418	.0011854
-86.710	.1954	10.007	.1174	-1.418	.0009142
-84.906	-.1742	9.119	-.8079	-1.417	.0012344
-89.550	-.0295	12.447	.0415	-1.417	.0010296
-87.743	.3438	8.985	-.0754	-1.415	.0010637
-87.494	-.0966	8.201	.0866	-1.414	.0011249
-88.713	.1359	9.058	-.4086	-1.414	.0011393
-83.724	-.4461	12.49	.0274	-1.414	.0012074
-84.852	.2680	6.272	-.0586	-1.414	.0011430
-85.289	-.3417	11.881	.4149	-1.413	.0011440
-88.228	.2937	7.245	.1786	-1.412	.0009806
-86.242	.0010	7.54	.2056	-1.410	.0011046
-83.982	.2390	11.639	.0377	-1.410	.0011128
-85.476	-.5581	11.022	.1476	-1.410	.0010133
-84.942	.5026	9.588	.5365	-1.409	.0009344
-84.602	-.0707	8.683	-.0463	-1.409	.0011420
-86.553	-.0726	13.514	-.1892	-1.408	.0010650
-84.138	.0974	6.645	.1284	-1.408	.0012330
-86.525	-.3373	9.529	.6874	-1.407	.0011628
-86.031	-.4009	9.527	-.9762	-1.407	.0011008
-89.222	.3105	10.718	-.3220	-1.406	.0011353
-86.557	-.0203	6.813	-.4506	-1.405	.0011576
-88.514	.0291	10.129	-.9126	-1.402	.0010394
-86.777	.0573	10.0	-.6144	-1.402	.0009184
-88.764	.4748	9.392	.4356	-1.400	.0012492
-83.025	-.4491	8.601	.3827	-1.398	.0009900
-86.891	-.1031	10.115	-.3011	-1.397	.0010664
-86.984	-.4580	9.42	.2757	-1.397	.0008573
-82.378	-.0730	8.265	.1676	-1.396	.0011103
-86.984	.5595	8.1	.2195	-1.396	.0009462
-84.455	-.5216	12.158	.0939	-1.396	.0010931
-87.848	.2958	8.869	-.7545	-1.395	.0012562
-85.067	-.2379	12.847	-.3590	-1.394	.0008852
-84.895	.2031	9.649	.4075	-1.394	.0010796
-86.282	-.2453	8.209	-.3413	-1.393	.0010979
-86.388	-.2525	8.032	-.4450	-1.393	.0011761
-89.367	-.3203	9.411	.3623	-1.393	.0011044
-87.221	.3167	11.747	-.4251	-1.393	.0009655
-87.751	.2328	11.903	.2933	-1.392	.0012579
-87.545	.3438	10.474	.6959	-1.392	.0009675
-86.122	-.0394	8.652	-.6076	-1.391	.0011287
-89.374	.4378	11.265	-.1727	-1.389	.0010082
-86.386	-.1329	8.021	-.5276	-1.388	.0009165
-82.910	.0117	7.414	.3317	-1.385	.0011544
-84.612	.1705	8.22	-.1537	-1.385	.0008519
-88.481	.5916	11.391	.3187	-1.384	.0010904
-84.347	-.5170	12.092	.3476	-1.384	.0009786
-85.193	.3367	11.416	-.0174	-1.384	.0011100
-89.429	.1777	10.773	.3570	-1.383	.0011140
-82.955	.2633	10.284	-.0754	-1.383	.0010889
-87.014	-.5624	11.176	.5077	-1.381	.0011238
-83.936	-.2325	12.161	-.3588	-1.381	.0012396
-89.355	-.1908	8.484	-.1567	-1.379	.0011523
-86.994	-.2880	8.474	.5449	-1.379	.0010060
-86.230	-.0285	13.225	.2768	-1.377	.0011288
-83.585	.2904	8.546	.1841	-1.377	.0012629
-86.955	-.1070	9.798	.3096	-1.377	.0010990
-86.274	-.2353	9.26	.5410	-1.376	.0011997
-84.873	-.1396	9.399	.8838	-1.376	.0008258
-85.852	-.5589	9.755	-.1315	-1.375	.0012587
-89.763	.4121	10.111	-.0960	-1.374	.0011940
-85.524	.1643	10.522	.2346	-1.374	.0011412
-84.167	.3947	10.205	.0515	-1.373	.0009960
-84.682	.6885	8.866	.0721	-1.373	.0011009
-86.932	.1849	12.818	.3104	-1.373	.0012160
-86.794	.0154	11.521	.0413	-1.372	.0009982
-85.768	.3510	9.831	.3757	-1.370	.0009590
-84.576	-.2331	12.027	.0367	-1.369	.0011346
-84.455	.1015	10.169	-.9460	-1.369	.0009549
-87.588	-.3711	10.557	-.0457	-.526	.0010585
-86.192	.3765	12.24	-.0632	-.525	.0008992
-85.082	.0936	8.423	-.0338	-.523	.0009893
-85.964	.7218	11.358	-.2175	-.522	.0008717
-87.565	.0024	7.133	.5920	-.522	.0010958
-87.248	.0525	7.194	.5878	-.521	.0012640
-84.645	-.2289	7.725	.4231	-.519	.0010264
-89.269	.0241	9.747	-.5380	-.519	.0009675
-86.722	.3113	9.015	-.2001	-.518	.0010928
-88.475	.3329	11.36	-.3886	-.517	.0011987
-85.390	-.0818	7.352	-.5623	-.516	.0008578
-85.837	.1671	11.121	-.0711	-.515	.0008216
-84.374	.0194	8.558	-.7928	-.512	.0009479
-83.551	-.3169	6.951	.0883	-.510	.0008885
-83.324	-.2086	10.275	-.7317	-.509	.0010438
-88.419	.0710	12.564	.0530	-.508	.0008984
-86.061	.3457	8.3	.6352	-.507	.0009153
-82.213	.0966	8.914	-.1005	-.505	.0010939
-83.992	-.1477	9.039	-.3202	-.504	.0011039
-85.010	.4964	9.531	-.2474	-.504	.0009738
-83.893	.5343	10.384	-.0678	-.503	.0011508
-82.461	-.0358	7.831	-.3396	-.503	.0008979
-86.541	.2206	10.462	.8641	-.503	.0011413
-87.290	-.5999	9.416	.5545	-.501	.0009669
-84.203	.2611	12.446	.1767	-.501	.0010159
-91.129	.2682	9.95	.0965	-.500	.0012262
-88.834	.1923	10.567	.1570	-.500	.0009987
-84.334	-.2367	12.116	.3521	-.500	.0009777
-89.388	.0890	9.706	-.2491	-.500	.0012877
-83.124	-.5654	9.261	.1777	-.500	.0011614
-86.980	.2862	8.752	-.0602	-.499	.0009639
-87.639	.1698	9.969	.9678	-.499	.0010976
-85.110	-.4407	10.097	.2176	-.499	.0011000
-84.925	-.2762	9.891	-.6529	-.498	.0010996
-85.529	.0190	10.982	-.2343	-.498	.0010413
-82.455	.1856	7.948	-.3968	-.498	.0009544
-82.527	-.3790	10.971	-.0057	-.497	.0009226
-89.342	.2383	8.249	-.2776	-.496	.0010818
-88.942	-.0460	12.526	-.1294	-.496	.0010450
-83.976	-.2902	9.093	-.8660	-.494	.0009388
-83.308	-.0817	11.386	-.1209	-.494	.0009943
-83.385	-.4523	7.446	.5003	-.493	.0009003
-85.335	.0557	9.633	.3559	-.492	.0012579
-84.047	-.2127	13.415	.1320	-.491	.0009542
-82.084	.2986	9.509	.1215	-.490	.0010700
-85.699	-.3287	8.366	.2295	-.490	.0010608
-87.410	-.3373	9.916	.2856	-.489	.0012282
-85.530	.0219	10.974	-.4812	-.488	.0010551
-88.360	.1622	9.603	-.8180	-.487	.0010814
-85.480	-.1341	11.829	.5962	-.487	.0012315
-87.929	.1090	9.168	.6353	-.487	.0008853
-82.761	-.4689	7.978	.2299	-.486	.0009713
-86.225	-.3708	12.925	-.4349	-.486	.0009465
-86.255	-.1057	10.35	-.1957	-.485	.0012157
-87.338	.7358	10.299	-.4453	-.485	.0011483
-86.034	-.2500	9.998	.2136	-.481	.0008947
-87.515	.5563	9.926	.6065	-.478	.0010943
-85.303	.1048	7.696	.3181	-.476	.0012247
-88.485	.1827	9.161	.2764	-.476	.0009079
-83.249	-.1193	7.719	.2832	-.475	.0011091
-86.844	-.3351	10.778	.4062	-.475	.0011793
-88.141	.3291	9.163	.3325	-.474	.0011777
-85.491	-.3508	8.869	.2151	-.474	.0011069
-87.376	-.4555	9.669	.7115	-.474	.0009057
-84.757	-.3457	10.1	-.6211	-.473	.0009931
-87.354	.2952	8.825	-.4613	-.473	.0012465
-85.389	.5541	8.78	.5530	-.473	.0011166
-87.567	.2847	10.584	.2645	-.471	.0011696
-86.081	-.5578	9.458	-.6754	-.471	.0012177
-84.541	.6087	11.023	-.5809	-.470	.0008161
-85.811	-.4471	13.293	-.0952	-.470	.0009822
-84.111	.0548	6.976	-.5976	-.469	.0009926
-84.539	-.2724	10.805	.3080	-.469	.0012203
-86.604	-.2314	8.596	-.0276	-.468	.0011330
-84.970	-.2968	13.027	-.5338	-.467	.0011360
-82.100	.1782	10.131	.5945	-.466	.0008278
-83.194	-.0967	8.704	.3920	-.466	.0011024
-85.074	.3779	11.657	.7814	-.465	.0008730
-87.150	.8813	9.643	.1359	-.464	.0012165
-88.203	-.2306	10.769	.6593	-.464	.0009479
-84.569	.1573	8.526	.0334	-.463	.0009624
-84.375	.0359	6.912	.0626	-.463	.0009080
-84.891	.4949	9.199	.0759	-.462	.0010835
-83.926	.6002	9.042	.1727	-.462	.0008327
-85.309	-.0823	9.983	.2095	-.461	.0010855
-86.868	-.0735	10.408	-.7891	-.461	.0008425
-86.920	.4278	11.512	.2058	-.461	.0008442
-89.614	-.3193	8.761	.2387	-.460	.0011079
-83.752	-.1627	9.973	.0567	-.458	.0009000
-87.508	-.4315	10.717	-.1889	-.458	.0010055
-84.556	-.0703	11.063	-.0160	-.457	.0009061
-82.740	.0884	9.314	.2995	-.456	.0009465
-82.522	-.2367	10.397	.3759	-.456	.0012266
-87.680	-.6088	8.672	.1948	-.455	.0008703
-85.137	.0486	13.673	-.0362	-.455	.0011246
-85.986	-.3584	10.154	-.2256	-.455	.0010725
-85.336	.6379	11.836	.0251	-.455	.0011834
-87.161	.2041	10.607	-.7963	-.452	.0010369
-83.026	.2684	7.812	.3065	-.451	.0011234
-83.064	-.3839	12.318	.0080	-.450	.0009084
-86.317	-.1051	8.783	.0957	-.450	.0010912
-88.141	-.3827	10.053	-.6607	-.450	.0011270
-86.367	-.7691	10.494	.3292	-.449	.0010898
-85.163	.6371	8.814	-.4711	-.448	.0008450
-84.412	-.2964	11.511	.1811	-.448	.0011516
-87.428	-.1124	7.924	-.2820	-.447	.0011694
-84.885	-.2185	10.633	.8730	-.447	.0009955
-85.707	-.6551	10.862	-.2749	-.447	.0009982
-82.984	.1325	12.625	.1566	-.446	.0008426
-86.738	.1579	12.389	-.4273	-.445	.0012301
-84.328	-.2564	8.428	-.1586	-.444	.0008662
-87.006	.2303	10.392	-.9653	-.443	.0010100
-86.101	.5072	11.402	-.1700	-.442	.0011808
-85.418	-.0810	11.574	.2587	-.441	.0012596
-86.536	.2744	8.789	.0438	-.441	.0011412
-82.042	.0682	10.596	-.0973	-.441	.0011410
-84.582	-.1270	10.04	.1523	-.441	.0008920
-87.080	.4936	7.941	-.5140	-.440	.0011136
-86.620	.7065	9.037	-.1138	-.440	.0008193
-83.986	.2050	8.806	-.0013	-.437	.0010093
-87.010	.0117	11.562	-.2478	-.437	.0010400
-85.350	.1663	7.608	.1922	-.435	.0011217
-87.489	.5143	9.527	-.3942	-.435	.0010218
-88.713	-.6398	8.417	-.5106	-.434	.0012303
-84.489	.1742	6.685	-.3882	-.433	.0011260
-86.121	.3911	11.361	.8621	-.432	.0008588
-85.377	-.3252	9.734	-.6715	-.432	.0013021
-85.901	.2410	13.411	.2768	-.432	.0008676
-84.073	-.5443	9.038	-.5981	-.430	.0010641
-83.795	.1417	11.25	.3331	-.429	.0009470
-86.133	.2358	11.43	-.2636	-.429	.0008573
-86.253	.4645	9.222	.1874	-.428	.0009654
-85.913	-.5444	11.705	-.3515	-.428	.0011015
-89.093	.4721	12.044	-.1230	-.428	.0010412
-83.737	.2989	10.123	-.4393	-.427	.0011255
-83.985	-.5323	10.138	.1061	-.427	.0012609
-86.952	.2696	11.404	.0666	-.426	.0010287
-86.278	-.4610	10.412	-.1472	-.425	.0009511
-84.255	-.1281	9.162	-.6346	-.422	.0010642
-83.915	-.6490	10.586	.0648	-.422	.0009172
-85.400	-.8248	11.426	.0509	-.420	.0011304
-85.278	.6276	9.854	-.4015	-.420	.0011833
-89.324	.5209	9.279	-.2028	-.419	.0011853
-84.514	.5211	11.642	-.3214	-.417	.0008711
-83.696	-.4536	11.163	.3872	-.416	.0010680
-89.562	.6851	10.489	-.1546	-.414	.0012419
-87.694	-.1837	11.906	-.6890	-.414	.0012053
-87.952	.3118	10.46	-.3007	-.413	.0011430
-88.536	.4527	8.356	-.3224	-.413	.0012256
-83.472	-.2243	9.501	.5287	-.413	.0008910
-84.131	-.0756	11.456	.5368	-.412	.0008852
-87.478	.7152	10.158	.2232	-.412	.0010694
-87.854	.2609	9.255	.5410	-.411	.0010770
-88.781	.6238	9.793	-.0469	-.410	.0011523
-84.484	.2539	9.868	-.4427	-.410	.0012903
-87.019	.6261	7.791	.3210	-.409	.0012859
-86.235	-.1090	11.946	.9097	-.409	.0011556
-86.710	.3089	11.712	.2895	-.408	.0010873
-85.571	.1277	6.866	.4454	-.408	.0012658
-85.653	.1416	9.725	-.2425	-.408	.0012148
-87.282	.3711	8.636	.6920	-.407	.0008640
-82.698	-.4236	8.478	.5061	-.407	.0009668
-84.077	-.0917	8.462	.7830	-.407	.0009492
-88.141	-.0802	11.61	.5742	-.406	.0012546
-86.040	-.1226	9.318	.6559	-.405	.0009343
-89.882	-.0229	9.846	-.0479	-.404	.0011881
-89.052	.4118	9.324	-.3017	-.404	.0010062
-85.925	.4230	11.32	.5689	-.402	.0009740
-83.605	-.0708	7.701	-.7919	-.402	.0008795
-85.241	.0945	9.679	.4919	-.402	.0011770
-85.131	-.3561	11.333	-.2741	-.402	.0011363
-87.602	.4046	7.449	.0592	-.399	.0009485
-88.331	.1857	9.654	.5006	-.399	.0008214
-83.671	.2443	9.653	-.3922	-.398	.0009149
-84.415	.2828	10.897	-.2577	-.394	.0012053
-86.441	.5538	9.858	.0985	-.393	.0009365
-85.123	-.2334	10.918	.4691	-.391	.0012912
-85.751	-.0644	9.404	-.0498	-.391	.0012096
-86.673	.0431	12.652	-.4456	-.389	.0011667
-83.862	.4435	10.603	-.3779	-.387	.0008790
-87.042	.1309	8.611	-.8062	-.386	.0009810
-86.210	-.0957	7.412	-.2315	-.384	.0011081
-86.921	.1963	12.226	-.4811	-.384	.0010291
-87.901	-.3718	9.885	-.0300	-.383	.0009719
-87.696	-.6801	11.365	.1728	-.382	.0009411
-85.706	.0252	11.8	-.8422	-.382	.0011022
-88.654	.1549	13.704	.1230	-.381	.0012525
-87.431	-.1885	9.406	-.8660	-.381	.0012482
-87.417	-.4059	7.439	.1817	-.380	.0011984
-89.358	.4230	10.683	-.3072	-.379	.0010917
-88.385	-.1878	10.597	.5552	-.379	.0012212
-86.840	-.4758	10.731	-.0776	-.378	.0010754
-85.158	.0733	11.607	-.5245	-.378	.0011567
-86.493	.4595	9.137	-.2512	-.377	.0010352
-86.321	.2675	8.506	.2594	-.375	.0010846
-86.955	-.3636	7.926	-.2346	-.374	.0009399
-83.849	.2594	8.488	-.2959	-.373	.0008510
-88.577	.0560	11.499	.5555	-.373	.0010245
-82.748	.4902	9.247	.3541	-.372	.0010968
-86.376	.0831	8.197	.4260	-.372	.0009034
-87.797	.2551	7.064	.0244	-.371	.0011092
-85.474	-.3970	7.814	.4307	-.370	.0009745
-87.477	-.1788	7.105	-.0912	-.370	.0009031
-83.065	.5211	7.825	.0423	-.369	.0010754
-87.888	.4209	11.265	-.3631	-.367	.0011032
-85.175	-.4117	7.97	.5629	-.365	.0009479
-86.562	-.3128	11.83	-.5439	-.365	.0011039
-85.331	-.6080	8.888	-.5179	-.364	.0012486
-86.179	.4940	11.951	.7015	-.364	.0010333
-89.525	.0995	9.154	.2881	-.363	.0012112
-85.905	-.0649	13.561	.2297	-.362	.0008381
-88.129	.2673	10.426	-.2857	-.362	.0009802
-87.414	-.3338	10.883	-.6776	-.361	.0009766
-83.569	-.2561	10.025	.8892	-.361	.0010183
-90.226	-.1039	9.235	.2124	-.361	.0011648
-86.379	-.0527	10.635	-.6342	-.358	.0012265
-84.856	-.1557	9.513	.6172	-.358	.0012127
-85.994	.3329	12.849	-.0741	-.357	.0008871
-89.172	-.0903	8.503	.3062	-.356	.0012447
-86.735	-.4491	11.323	.4999	-.355	.0009782
-84.412	.3303	13.089	.0272	-.354	.0011528
-84.020	-.3355	9.093	-.3847	-.354	.0011249
-87.961	-.3996	12.015	.6238	-.353	.0011245
-86.759	.3483	8.841	-.4620	-.353	.0012078
-87.059	-.2229	12.158	.1069	-.352	.0011858
-83.409	-.4634	9.214	.2493	-.351	.0009938
-87.723	.3722	10.108	.8044	-.351	.0011069
-86.023	.4497	8.488	-.6652	-.350	.0010047
-81.924	.1213	9.625	-.2222	-.350	.0011298
-85.827	.2661	7.852	-.0145	-.349	.0012614
-87.955	.3094	9.325	.6567	-.349	.0009780
-85.694	-.5937	9.996	-.8290	-.347	.0009708
-85.619	.0625	9.515	.8321	-.347	.0010571
-87.555	-.4101	13.249	.0993	-.346	.0010648
-84.192	.1909	7.905	.2182	-.345	.0011371
-84.719	-.8779	10.092	.1567	-.344	.0010022
-85.441	-.3479	8.251	.0580	-.342	.0010221
-87.259	-.1476	10.704	-.3720	-.342	.0010702
-86.056	-.2198	7.447	.7712	-.339	.0009993
-82.832	-.1022	11.522	-.3573	-.339	.0012541
-88.728	.5518	8.099	.0125	-.339	.0010863
-86.266	.4332	8.678	-.3590	-.339	.0013028
-84.700	.3538	9.857	.5863	-.338	.0010574
-90.423	-.1098	10.885	-.4897	-.338	.0011284
-83.330	-.0097	7.61	-.1273	-.338	.0010533
-85.330	.4672	10.461	-.2332	-.337	.0009188
-85.946	.0992	9.121	-.2811	-.337	.0008551
-86.004	-.2246	10.742	-.3086	-.337	.0010503
-89.495	.1983	7.806	-.2019	-.336	.0012989
-84.608	-.3082	8.964	-.0140	-.335	.0011491
-86.571	.0510	9.807	-.3510	-.334	.0008208
-88.142	-.0089	11.621	-.2773	-.334	.0012412
-86.096	-.3097	9.444	.0066	-.333	.0011958
-86.817	-.2268	11.129	.6255	-.333	.0011849
-88.064	.1275	8.34	.1080	-.332	.0008084
-86.092	-.3002	10.776	-.6734	-.331	.0011149
-89.216	-.1597	9.389	.4345	-.330	.0011580
-84.604	.1213	11.69	-.3435	-.330	.0011738
-83.755	.4467	9.2	.0191	-.330	.0009567
-84.569	.3587	13.082	-.1149	-.330	.0010264
-84.676	.1550	8.02	-.3623	-.330	.0010207
-86.726	-.0564	12.425	.2949	-.328	.0009545
-84.166	-.1260	7.962	.1283	-.327	.0009753
-86.685	.2043	8.366	.1461	-.325	.0011994
-87.323	-.2211	10.924	-.6067	-.325	.0010997
-82.200	.3793	9.537	-.6833	-.324	.0008746
-84.134	.4315	10.529	.7939	-.323	.0009599
-84.964	-.2503	9.356	.2302	-.319	.0011302
-85.977	-.1382	10.013	-.2835	-.318	.0008410
-89.394	-.6203	9.384	-.3919	-.318	.0011837
-85.662	-.1503	9.167	.3892	-.318	.0011672
-87.935	.1397	9.512	-.1262	-.318	.0009300
-84.542	-.4231	13.24	-.1141	-.316	.0009397
-86.213	.0837	10.451	-.7258	-.316	.0012536
-87.076	-.2112	11.822	.2297	-.314	.0010113
-85.582	-.2657	9.254	.1963	-.312	.0009166
-85.641	.5570	9.675	.0505	-.312	.0011084
-84.083	-.0289	10.769	-.3383	-.312	.0010948
-85.402	.5887	10.61	.1310	-.311	.0010273
-82.798	.4108	9.085	-.0492	-.311	.0008257
-83.087	.0722	9.593	.5090	-.310	.0008699
-88.167	.3454	12.302	-.5683	-.310	.0012562
-86.740	-.5279	12.962	.1554	-.309	.0011693
-88.260	-.3121	10.21	.2972	-.309	.0009914
-83.351	.1235	9.021	-.3976	-.308	.0012239
-85.079	.4153	9.347	.0883	-.306	.0011749
-89.248	.2775	9.695	.2474	-.306	.0012050
-86.736	.2668	8.73	-.7127	-.306	.0009641
-87.749	-.2963	11.901	-.5147	-.306	.0008614
-88.169	-.4600	10.01	.2686	-.305	.0010993
-87.066	-.5715	8.018	-.1191	-.305	.0012002
-87.031	.0502	12.537	-.6548	-.304	.0008828
-85.934	-.4448	9.244	.6616	-.304	.0012916
-86.604	-.1041	9.888	-.0342	-.303	.0008778
-84.016	.0532	7.595	-.1611	-.303	.0009569
-85.498	.7423	8.739	.2704	-.303	.0011104
-86.903	-.1657	9.261	.6127	-.302	.0011830
-88.259	.1575	11.868	-.4784	-.302	.0010784
-87.905	-.6139	10.136	.3849	-.302	.0009380
-81.982	.1326	7.621	.1170	-.301	.0010583
-88.798	.1597	6.649	.2545	-.301	.0012387
-81.901	.3484	9.598	.6537	-.297	.0008156
-82.340	-.1185	8.976	-.3837	-.296	.0009492
-86.131	-.6238	11.237	-.6672	-.295	.0010581
-86.934	.1257	11.033	.5788	-.295	.0012109
-88.342	.2291	12.265	-.1130	-.295	.0011363
-86.630	-.4482	11.32	.3526	-.294	.0011136
-86.831	.1156	10.412	.4991	-.294	.0010392
-86.421	.2532	10.545	.1465	-.294	.0010296
-85.229	.7096	11.405	.2017	-.293	.0009763
-86.305	.1388	9.102	-.1315	-.293	.0010493
-83.273	.0710	9.044	-.3153	-.293	.0008628
-85.951	-.4119	8.715	.0128	-.293	.0010638
-82.705	-.4679	10.111	.3336	-.292	.0008906
-85.819	.3681	8.833	.2928	-.291	.0011838
-84.001	-.7492	9.242	.1257	-.291	.0011150
-88.046	.2525	10.769	.4667	-.289	.0009133
-85.283	-.0896	9.789	-.8501	-.289	.0008911
-86.674	-.1965	9.626	-.3907	-.288	.0008248
-84.630	-.3327	9.906	-.4425	-.288	.0011487
-85.643	-.1750	11.675	.2561	-.287	.0008789
-88.217	.5124	7.756	-.1736	-.287	.0009597
-89.422	.3560	9.847	-.2442	-.286	.0011867
-85.673	-.1976	7.739	.4705	-.286	.0010432
-85.366	-.2701	10.886	.1916	-.285	.0011098
-89.413	.0808	9.794	-.5528	-.285	.0012423
-87.958	.2508	10.117	.0586	-.285	.0011769
-87.260	.1055	8.349	.7321	-.285	.0010923
-85.738	-.1030	8.543	.7938	-.283	.0009705
-83.375	.2591	8.939	.6670	-.282	.0009893
-91.086	.2968	9.258	-.2927	-.280	.0012839
-88.335	.5967	10.206	-.6014	-.280	.0010071
-87.275	.4059	7.519	.5418	-.280	.0009790
-85.813	-.1609	7.05	.3509	-.279	.0010215
-84.483	.3475	13.034	.1533	-.278	.0009790
-89.501	.1433	8.741	.1107	-.278	.0011416
-87.956	.2326	12.274	.1330	-.277	.0012268
-89.362	.4529	10.099	.5632	-.276	.0010870
-88.391	-.2045	12.397	-.3002	-.276	.0011436
-85.235	.2943	12.839	-.2918	-.275	.0011518
-84.930	.3634	8.149	-.0687	-.275	.0008283
-83.372	-.0616	8.285	-.0457	-.274	.0009262
-84.805	-.5315	11.035	.5090	-.274	.0008026
-84.392	.2994	9.959	-.3301	-.274	.0009423
-89.152	-.2158	9.379	-.5866	-.273	.0009653
-84.296	-.0041	9.279	.4215	-.272	.0009636
-82.667	-.1400	9.347	-.0792	-.271	.0010273
-87.265	.2464	12.573	.1000	-.271	.0009679
-88.916	.2943	9.14	-.4513	-.268	.0009998
-85.069	-.6001	10.925	.0645	-.267	.0011552
-88.472	-.2637	10.476	-.0975	-.267	.0011182
-87.228	-.5307	9.822	-.7914	-.266	.0011380
-87.735	-.1240	9.749	-.3397	-.265	.0011264
-83.603	-.0831	7.514	.1399	-.264	.0010365
-85.930	-.6195	10.149	.2723	-.261	.0009832
-85.503	-.6307	11.664	.0985	-.261	.0009995
-84.146	-.5256	10.151	.2039	-.259	.0010845
-88.016	-.4871	8.165	.5524	-.258	.0012843
-83.128	.3814	8.812	-.6578	-.257	.0009207
-85.731	.5040	7.174	.4524	-.257	.0008743
-82.750	.4908	10.308	-.3950	-.256	.0011274
-89.895	-.2658	9.401	.0155	-.256	.0009514
-87.188	.6124	8.688	-.5962	-.256	.0011782
-89.047	.3682	7.567	-.2315	-.256	.0011535
-85.273	-.1929	9.616	.9509	-.256	.0010551
-84.283	.0822	11.84	.0147	-.255	.0009651
-84.849	.2156	10.9	-.2365	-.255	.0009788
-84.981	-.1328	10.758	.4146	-.254	.0008203
-87.904	.4317	8.225	-.0255	-.253	.0012564
-89.036	-.2503	9.032	.1044	-.249	.0008702
-85.571	-.1903	11.619	-.4742	-.249	.0010550
-85.097	-.0656	11.067	-.1454	-.249	.0009363
-87.832	-.0360	12.535	-.3708	-.248	.0010127
-87.253	-.1208	11.183	.2718	-.248	.0011415
-87.239	-.2229	8.717	.7384	-.247	.0010831
-88.362	-.7232	8.896	.2424	-.247	.0011587
-86.546	.4004	9.86	-.8520	-.247	.0010842
-86.725	-.3670	9.527	.5606	-.246	.0011380
-87.663	-.1325	10.708	.5344	-.246	.0010970
-86.763	.2401	11.047	.6550	-.246	.0012566
-87.433	.2234	11.168	.7875	-.245	.0008667
-83.721	-.2589	10.613	.0898	-.244	.0009992
-85.713	.2845	10.149	-.6863	-.244	.0010071
-87.039	-.1905	8.907	.3834	-.244	.0010982
-82.556	-.2251	9.05	.2711	-.243	.0008746
-85.554	-.6278	10.015	.4822	-.241	.0010944
-82.710	-.1797	7.884	-.0679	-.240	.0008300
-82.803	-.0318	8.51	.0223	-.240	.0009525
-87.529	.1427	7.291	-.2944	-.239	.0008621
-86.590	-.0897	10.332	-.2495	-.239	.0011018
-87.437	.3073	9.44	.5566	-.239	.0010007
-82.678	-.2753	11.632	.2779	-.239	.0011633
-85.931	-.4180	11.926	-.6380	-.237	.0010795
-86.103	-.2140	8.056	-.8955	-.237	.0010655
-84.066	-.2600	12.297	-.3280	-.237	.0010184
-83.986	-.5008	9.625	.5978	-.237	.0011239
-85.532	.1472	9.963	.1125	-.237	.0012481
-87.708	-.4422	10.866	.1916	-.236	.0009816
-85.444	-.3123	8.956	-.3384	-.236	.0010366
-86.428	-.6112	7.881	-.1079	-.234	.0010138
-83.943	.5745	9.354	.1649	-.233	.0010516
-84.798	.6635	9.884	-.3045	-.232	.0009590
-89.852	-.0257	9.749	-.1372	-.229	.0011873
-84.362	-.3542	12.46	.1458	-.229	.0010789
-84.389	-.3308	10.796	.0819	-.228	.0010196
-86.344	.4349	7.803	-.0633	-.228	.0011844
-85.094	.0832	12.118	-.2771	-.227	.0008464
-89.488	.1839	7.479	-.1147	-.227	.0011162
-85.149	-.0343	6.652	-.4822	-.226	.0009874
-82.002	.3023	8.197	.3179	-.223	.0009435
-85.275	-.1733	7.444	-.2257	-.222	.0010312
-87.241	.6768	11.27	.5163	-.222	.0010704
-87.132	-.0112	13.272	.3851	-.222	.0012092
-85.665	-.6687	8.92	-.2621	-.221	.0012106
-84.875	-.3015	11.619	-.1084	-.220	.0009591
-84.568	-.1775	10.636	-.0692	-.220	.0011879
-89.105	-.3889	10.15	-.1461	-.220	.0009719
-87.682	.2041	9.809	.5140	-.219	.0011944
-83.799	.0663	12.671	.1168	-.218	.0011298
-84.846	.3626	10.663	-.1621	-.218	.0010450
-84.097	.3028	10.749	.3083	-.217	.0011733
-86.590	.0196	9.74	-.5155	-.216	.0010612
-87.417	-.1326	9.806	-.4145	-.215	.0010084
-88.250	.4128	7.498	-.2389	-.215	.0009920
-86.005	-.3674	9.307	-.1580	-.215	.0008905
-83.422	-.5108	9.025	.0623	-.214	.0011020
-83.638	-.1384	11.438	.1324	-.214	.0009573
-85.641	-.6034	11.026	-.0519	-.213	.0011447
-83.543	.1965	13.64	.1150	-.213	.0008274
-85.252	-.1526	7.331	.1329	-.212	.0008276
-88.496	.1340	9.564	.1387	-.210	.0009408
-85.633	-.0770	7.646	-.6298	-.209	.0010220
-86.230	.5078	10.766	-.3028	-.208	.0011638
-82.838	.0188	8.205	.3537	-.208	.0009591
-88.250	.1765	12.27	-.3048	-.207	.0010731
-87.028	-.8665	10.635	.0167	-.206	.0010994
-88.626	.3954	9.06	-.1207	-.206	.0011822
-84.126	-.1165	10.662	-.5104	-.205	.0012302
-90.659	-.2721	8.393	-.2320	-.204	.0012360
-82.081	.2667	10.151	-.5571	-.204	.0009293
-84.189	-.2887	12.035	.5546	-.201	.0009887
-87.350	.2705	10.946	-.4390	-.201	.0009152
-86.892	.0558	10.999	.9035	-.201	.0009206
-85.021	-.1947	9.84	.2818	-.201	.0012497
-85.010	-.4258	6.94	-.0893	-.201	.0009941
-85.921	.4392	8.007	-.2649	-.198	.0011359
-84.223	-.3167	9.961	.4308	-.198	.0008584
-84.552	.0255	10.074	-.4341	-.197	.0008650
-87.324	.1424	9.592	.4371	-.196	.0011467
-85.881	.3107	11.831	.5089	-.196	.0009545
-85.869	.6475	8.132	-.1032	-.196	.0010611
-82.679	-.7212	11.053	.3666	-.196	.0007905
-87.756	.2875	9.922	.3408	-.195	.0010420
-87.280	-.2293	8.35	.7285	-.194	.0011069
-90.853	.3009	9.311	-.4958	-.194	.0012388
-85.599	.0593	12.467	.2487	-.194	.0010299
-87.237	.1276	10.73	.0751	-.194	.0012481
-86.834	.2783	13.174	-.2769	-.192	.0010623
-89.316	.5325	8.672	-.0166	-.192	.0010583
-88.166	-.3891	11.62	.4222	-.191	.0012162
-82.761	-.5354	8.988	-.0571	-.190	.0008464
-83.284	-.2165	12.621	-.1705	-.190	.0010033
-84.350	-.4379	10.337	-.3115	-.189	.0010009
-83.285	.4426	9.274	.7315	-.188	.0009492
-86.657	.1751	13.126	-.1382	-.188	.0010684
-87.121	-.7543	11.848	-.2489	-.183	.0011988
-85.977	.2602	10.646	-.9499	-.180	.0009084
-82.118	.2888	10.955	-.2687	-.179	.0010760
-84.360	.6454	9.378	.2271	-.179	.0010013
-85.588	.0247	12.092	-.4352	-.178	.0010864
-88.528	.4863	10.018	-.1055	-.177	.0011900
-88.570	.1006	11.28	.0977	-.177	.0008801
-86.942	.7774	10.828	-.0493	-.176	.0007933
-84.991	-.1151	8.921	-.5007	-.176	.0009656
-85.792	.1240	10.539	.5577	-.175	.0011229
-85.850	-.5634	10.348	-.2141	-.174	.0010641
-88.185	.3292	11.719	-.2469	-.174	.0008672
-85.643	.0645	12.003	-.7187	-.173	.0010277
-85.910	.8467	9.412	-.0658	-.172	.0008598
-87.926	.4937	9.85	-.4392	-.172	.0009652
-85.417	-.5266	10.587	-.6078	-.171	.0012152
-84.228	.2264	10.737	.2315	-.170	.0009160
-86.430	.0088	13.272	.5443	-.169	.0010582
-88.582	.4204	11.006	-.1746	-.166	.0011348
-88.586	-.3954	12.069	-.2677	-.165	.0009788
-86.820	-.1580	12.153	-.0661	-.165	.0011812
-86.718	-.1595	10.535	-.0729	-.165	.0012293
-84.635	.6451	9.373	.4487	-.163	.0010028
-82.385	-.0817	9.516	-.0713	-.163	.0008509
-82.410	-.2275	11.194	.2863	-.162	.0010293
-83.277	.3948	11.028	.6134	-.162	.0011749
-86.325	-.1401	7.261	.3892	-.161	.0009021
-86.778	.5870	9.106	-.3748	-.161	.0011092
-86.595	.1109	10.249	1.0112	-.161	.0012568
-85.957	.5603	11.614	-.5938	-.159	.0011824
-85.752	-.2934	9.223	.8278	-.159	.0010823
-86.989	.1338	9.789	-.5366	-.158	.0011555
-81.516	.0301	8.446	-.1346	-.157	.0008689
-83.319	.3232	8.447	.5638	-.157	.0010327
-89.527	-.2667	12.805	-.1340	-.156	.0012708
-83.396	-.3586	11.027	-.4619	-.155	.0009433
-85.031	-.3780	9.19	.0868	-.155	.0009138
-83.359	.3294	9.227	.7134	-.153	.0010196
-86.343	.6349	9.985	-.3132	-.152	.0011847
-85.932	-.2550	9.669	.8436	-.152	.0009792
-88.409	-.1659	11.297	.0741	-.152	.0009890
-86.447	.5451	10.607	-.2522	-.150	.0012017
-86.947	.0793	9.078	-.9189	-.150	.0010907
-86.376	-.2837	9.459	.2580	-.149	.0012779
-85.083	-.2575	6.831	.2123	-.148	.0008727
-87.059	-.0995	7.52	-.1292	-.147	.0011106
-83.799	.2221	7.128	-.1450	-.146	.0011572
-84.949	.7940	11.246	.0789	-.146	.0010190
-84.191	.6787	10.308	.2577	-.146	.0012233
-82.815	.4700	11.092	-.3837	-.145	.0008625
-82.947	.6654	10.843	.2604	-.143	.0010343
-84.545	.5882	9.932	-.0323	-.143	.0010475
-85.673	.2898	8.275	-.3795	-.143	.0010568
-88.366	-.0178	9.664	.5164	-.142	.0009690
-83.395	.0542	7.327	-.3246	-.142	.0010305
-84.011	-.1509	8.749	.7726	-.142	.0008690
-85.541	.4357	9.479	.0603	-.141	.0011657
-88.899	-.1357	11.306	.6199	-.141	.0012589
-82.669	-.4371	8.812	.2099	-.141	.0010544
-85.839	-.3530	7.534	-.6279	-.140	.0009059
-85.965	.3431	10.574	-.3329	-.139	.0012386
-87.771	.1287	11.942	.8071	-.139	.0011628
-89.643	.3710	9.167	.0465	-.139	.0012032
-88.563	-.7124	10.968	.2298	-.137	.0011602
-87.842	.2267	7.361	-.1991	-.135	.0010436
-87.630	.2538	8.039	-.0459	-.135	.0011132
-86.464	-.2450	10.764	.4350	-.135	.0010357
-84.107	-.2463	10.191	.1890	-.135	.0009461
-85.144	.4768	11.361	.1024	-.134	.0010315
-87.882	.2110	8.971	.0729	-.133	.0008697
-85.827	.3148	10.234	.1479	-.133	.0010962
-82.275	.0759	8.819	-.3147	-.132	.0008931
-85.426	-.0738	9.427	.1724	-.131	.0009716
-83.837	-.0847	10.173	-.3964	-.131	.0008568
-84.861	.2985	12.066	-.2867	-.130	.0010368
-85.479	.1157	11.796	.2874	-.130	.0008680
-84.365	-.4278	10.542	.2462	-.129	.0012188
-85.085	-.1656	10.927	-.4062	-.128	.0012272
-88.902	-.0594	10.623	.6244	-.128	.0011978
-82.837	-.1558	10.466	.3710	-.128	.0009247
-86.982	-.3987	9.941	-.4552	-.127	.0011243
-88.066	.2299	9.014	.0721	-.126	.0009878
-85.889	.6821	8.316	.3264	-.126	.0010315
-88.531	.2279	8.253	-.3236	-.126	.0011433
-86.571	-.2874	9.731	-.4037	-.125	.0011067
-82.285	.1386	12.026	.4242	-.124	.0008443
-89.605	-.3248	10.711	-.1155	-.123	.0012488
-84.088	.3254	7.188	-.4591	-.122	.0011490
-87.828	-.4287	9.731	-.5915	-.122	.0009711
-86.131	.2458	8.226	.7921	-.122	.0009932
-88.178	-.2476	7.972	-.3303	-.121	.0010709
-86.610	-.2319	13.626	.3559	-.121	.0011180
-84.035	.4402	11.298	.0394	-.121	.0008984
-81.843	-.2087	8.282	-.3693	-.121	.0009229
-85.629	.4029	9.688	-.5107	-.120	.0009657
-84.443	-.1031	6.832	-.1848	-.119	.0012571
-87.275	.5133	8.859	-.4628	-.118	.0008933
-85.354	.0568	7.499	.5794	-.117	.0010960
-87.399	-.6656	10.085	.2315	-.117	.0012328
-86.955	.6074	9.846	-.4519	-.117	.0011920
-86.644	-.7081	10.587	-.5556	-.117	.0012221
-85.115	-.4013	11.239	-.0015	-.116	.0011500
-88.127	.2838	8.87	-.5566	-.116	.0009076
-89.301	-.2579	10.05	.2493	-.116	.0011556
-83.195	-.5799	10.437	-.4119	-.115	.0011193
-82.609	.0948	11.839	-.4314	-.114	.0008582
-83.650	.5221	10.196	-.4537	-.113	.0011100
-84.654	-.5712	8.224	.2162	-.113	.0012769
-83.920	-.2795	9.029	-.0320	-.112	.0011839
-84.695	-.3923	7.306	.3727	-.112	.0011047
-88.340	-.1955	11.108	-.0617	-.112	.0009994
-88.387	-.3672	9.813	.4137	-.109	.0010606
-89.260	.3850	9.519	-.0854	-.109	.0011321
-86.592	.3609	9.323	.1431	-.108	.0010532
-88.152	.4494	11.381	.4905	-.107	.0010210
-88.461	.0250	10.148	.8860	-.107	.0010159
-85.713	.3955	10.856	.8430	-.106	.0011180
-85.568	.1489	12.207	-.3979	-.106	.0010359
-87.672	.1275	9.913	.8015	-.105	.0010028
-87.586	-.1712	8.297	-.5758	-.105	.0009134
-87.175	-.2909	11.504	-.4717	-.103	.0011848
-83.942	.0108	11.359	.5456	-.102	.0009995
-85.856	.0023	8.514	-.1593	-.100	.0010527
-86.214	-.5056	8.939	-.4360	-.098	.0011558
-87.802	.1818	11.825	.6742	-.098	.0010189
-84.878	.1455	9.937	-.5085	-.097	.0010758
-83.061	-.1563	9.026	.3530	-.097	.0008136
-87.483	.4304	10.799	-.2551	-.096	.0010880
-84.744	-.0457	10.219	-.7021	-.095	.0008153
-86.954	.3517	10.814	.7406	-.094	.0009204
-89.916	-.0469	10.577	.0421	-.094	.0008872
-82.817	.2330	8.398	.1921	-.094	.0009522
-83.758	-.2489	9.068	.4761	-.094	.0010344
-86.735	-.0099	7.653	-.5013	-.093	.0012221
-86.420	.0625	10.731	-.2761	-.092	.0011638
-86.246	-.3487	12.086	.3560	-.091	.0009627
-85.401	.2164	10.087	.7759	-.091	.0009194
-87.303	.6799	11.289	.3800	-.090	.0008722
-85.994	-.5444	7.568	-.4314	-.089	.0011654
-85.163	-.3955	7.342	.5161	-.088	.0011601
-82.291	-.2079	10.552	-.3023	-.088	.0009471
-85.580	.6364	7.624	.1714	-.087	.0009334
-83.867	-.0625	10.505	-.7524	-.087	.0010801
-84.924	-.2378	9.612	-.2234	-.087	.0011403
-85.216	.6690	10.836	-.2148	-.085	.0011562
-84.755	.7429	11.944	-.0424	-.084	.0009043
-81.820	-.0886	11.034	.0467	-.084	.0009531
-84.277	-.4478	8.869	-.7086	-.083	.0009544
-85.775	.0833	7.954	.8038	-.083	.0011343
-84.893	.1046	11.799	-.5961	-.081	.0010519
-88.774	-.5457	9.041	-.3188	-.080	.0011647
-84.010	.5684	10.323	.0233	-.080	.0011598
-87.357	-.3394	11.311	.0653	-.080	.0009747
-86.984	.1345	12.378	-.0797	-.079	.0009552
-83.818	-.3970	7.493	-.0833	-.076	.0009869
-84.739	.4761	9.918	-.1963	-.076	.0011022
-84.462	-.1495	10.059	-.7303	-.075	.0011938
-83.924	-.0616	7.735	-.4406	-.075	.0012243
-85.025	-.0154	8.444	-.2196	-.075	.0011932
-83.843	-.3622	13.453	-.0941	-.074	.0007835
-85.836	.5412	7.921	-.3169	-.074	.0009853
-86.312	-.2306	9.36	-.7623	-.072	.0011994
-85.285	-.0224	10.981	1.0156	-.071	.0011194
-84.855	-.7268	11.8	.0554	-.071	.0010411
-83.680	.3247	11.843	-.2026	-.068	.0008162
-83.267	.4678	8.214	-.4918	-.067	.0010061
-85.080	.1788	7.891	-.7719	-.066	.0009703
-87.216	.0547	10.862	-.6170	-.066	.0009287
-88.637	.2281	8.746	-.2275	-.066	.0011492
-85.782	.2890	8.657	.6432	-.065	.0011142
-87.821	.1177	12.336	.4289	-.065	.0011212
-84.826	-.3864	7.622	.3384	-.064	.0011336
-85.421	.1104	8.887	-.4602	-.064	.0009551
-84.349	.6208	8.919	-.1961	-.064	.0010039
-82.994	.1183	9.916	.2892	-.063	.0011173
-82.258	-.4068	9.042	.3148	-.063	.0011388
-82.376	.1766	10.469	.4913	-.061	.0009595
-81.841	-.2024	10.786	.0858	-.060	.0009925
-85.341	-.4974	10.095	.7440	-.059	.0010359
-85.044	.0879	10.153	-.8350	-.059	.0010278
-82.315	-.0783	10.118	-.0557	-.059	.0009041
-84.912	-.0183	12.596	-.5386	-.058	.0011151
-86.841	-.2640	10.597	.3710	-.057	.0011272
-85.648	.5225	10.51	-.5190	-.055	.0011208
-89.525	-.1335	9.815	-.0291	-.055	.0009567
-86.055	-.4768	9.068	-.4360	-.055	.0009887
-85.325	-.7212	9.153	-.1173	-.054	.0012000
-86.457	-.0664	8.034	.0888	-.053	.0011978
-84.152	.2188	7.431	.2104	-.053	.0012439
-89.739	-.0171	12.739	-.3298	-.052	.0012210
-87.553	.6408	9.301	.5135	-.051	.0011987
-81.224	-.0483	11.969	-.0939	-.049	.0008634
-87.344	.5831	8.288	.4173	-.049	.0011967
-86.150	.2471	6.576	-.5072	-.047	.0011788
-88.363	-.6123	11.164	.0225	-.047	.0010099
-84.537	-.2079	8.807	.6186	-.043	.0009097
-83.050	-.0984	7.755	-.3591	-.043	.0008082
-83.227	.1044	9.506	-.2519	-.043	.0010559
-87.726	-.2357	11.715	.2794	-.042	.0010572
-83.743	-.2944	10.252	.0968	-.042	.0010102
-85.499	-.2039	10.957	-.8725	-.042	.0011237
-88.050	-.0389	9.606	-.7594	-.042	.0011531
-83.994	.1080	9.885	.2274	-.041	.0008909
-87.934	.3809	7.138	-.1497	-.040	.0009289
-85.990	-.3295	12.29	-.2854	-.040	.0011273
-86.097	.1296	12.167	.3914	-.038	.0008832
-81.971	.1554	9.047	.4867	-.038	.0010535
-83.019	-.0070	10.482	.1548	-.038	.0009948
-86.684	-.3650	8.902	.0445	-.038	.0010431
-85.223	-.2180	9.332	-.7778	-.037	.0009171
-86.767	-.2183	8.444	.1966	-.035	.0009081
-83.305	-.1813	10.465	.2714	-.034	.0011910
-84.712	-.4672	10.762	.1523	-.034	.0009655
-87.676	-.3336	11.966	.1425	-.034	.0011735
-86.866	.5583	12.695	.3178	-.034	.0009124
-86.084	-.0401	10.499	-.8214	-.033	.0011483
-82.054	-.2777	9.346	-.3721	-.033	.0010796
-87.690	-.3461	10.843	-.6081	-.033	.0008958
-85.897	.4584	10.069	-.1906	-.032	.0009333
-89.433	.1939	8.325	-.1103	-.031	.0010957
-83.318	-.4044	13.315	-.0725	-.029	.0008662
-85.768	-.1694	11.719	-.1966	-.028	.0012839
-87.734	.6123	8.638	-.0965	-.027	.0010892
-85.430	.0128	12.636	-.0803	-.026	.0008271
-85.667	.1544	6.564	.1612	-.026	.0008819
-84.762	.1959	10.825	-.5791	-.025	.0009147
-86.522	.6403	10.747	-.2564	-.025	.0008206
-84.517	-.0132	7.664	.1037	-.025	.0011742
-85.920	.3537	9.792	.8090	-.023	.0009802
-85.716	-.2244	7.992	.0383	-.023	.0011950
-83.840	-.0759	7.86	.6021	-.023	.0008775
-82.098	.3807	10.427	.4139	-.022	.0009601
-85.485	-.3236	12.94	-.3639	-.022	.0011186
-88.314	.5078	10.157	.1851	-.022	.0008373
-81.902	-.1535	9.229	.5306	-.021	.0009943
-87.008	-.6117	8.118	-.3543	-.021	.0011465
-85.350	.1682	11.983	.3506	-.020	.0011082
-83.992	.6620	9.966	-.3248	-.020	.0009670
-87.878	-.7081	10.598	-.2200	-.020	.0010106
-86.084	.1387	11.766	-.1573	-.018	.0010047
-83.394	.0773	11.28	.1377	-.018	.0010279
-83.708	-.0242	8.622	.7371	-.018	.0008412
-84.233	-.5685	9.664	.3315	-.017	.0008645
-85.048	.6390	9.422	.4607	-.017	.0008105
-85.335	-.5605	10.803	.2284	-.016	.0009479
-86.419	.4904	8.392	.1470	-.016	.0011113
-81.356	-.3164	9.659	-.3666	-.016	.0008881
-84.738	.4016	11.685	-.4314	-.015	.0011150
-85.391	-.2337	6.289	.0771	-.013	.0009904
-84.987	-.1699	10.886	.1787	-.013	.0012342
-86.018	.2127	10.144	.5093	-.010	.0009645
-86.439	.3542	9.328	-.5261	-.010	.0010541
-85.767	-.4194	8.468	.5781	-.009	.0009076
-86.054	-.7832	9.73	.1911	-.009	.0010434
-86.418	-.4498	10.734	.1140	-.008	.0010001
-85.246	.2882	10.881	-.8486	-.005	.0008851
-84.131	-.4689	12.422	-.3796	-.005	.0008862
-84.375	.1467	10.294	-.0048	-.005	.0008920
-85.059	-.3731	12.68	-.0342	-.003	.0010752
-83.737	.1940	11.473	-.0935	-.003	.0010798
-89.138	.0749	8.171	-.1297	-.003	.0009405
-86.017	-.3987	10.759	.1644	.001	.0009684
-87.324	.3498	10.015	-.2502	.001	.0011414
-87.438	-.0146	8.648	-.8195	.001	.0011884
-84.083	.4316	10.058	.5916	.001	.0010883
-88.232	-.1242	10.289	-.4295	.003	.0012314
-86.074	.0943	9.835	-.1827	.003	.0009755
-84.134	.5529	11.059	.5087	.005	.0009676
-88.259	.6247	9.046	-.3625	.005	.0009267
-80.827	-.2431	9.15	-.4410	.008	.0008628
-84.805	.3844	11.958	-.7519	.009	.0009091
-84.287	-.0259	11.608	-.3770	.010	.0011743
-86.328	.2413	12.442	-.2334	.010	.0012848
-86.866	-.4245	9.298	-.0772	.011	.0011485
-87.387	-.1492	7.828	-.4974	.011	.0011630
-89.210	-.2510	10.558	-.0725	.011	.0010813
-87.410	-.2375	9.171	.1871	.013	.0011437
-87.825	-.1409	10.195	.2495	.015	.0010250
-87.286	.4500	11.544	-.3920	.016	.0009417
-87.433	.4589	8.343	.0848	.016	.0011973
-85.557	-.0713	11.775	-.5444	.016	.0011755
-86.330	-.0211	10.109	.0794	.017	.0011104
-82.132	.4350	9.334	-.3954	.018	.0009235
-86.362	-.2364	8.769	-.1613	.018	.0010834
-88.677	-.2071	9.756	-.3896	.020	.0008186
-86.499	-.0026	8.663	.5218	.020	.0010057
-84.837	-.2344	12.32	-.3403	.021	.0012370
-87.318	.0096	10.158	.0557	.021	.0010219
-87.032	.4287	8.865	-.4729	.021	.0009425
-87.447	-.0667	11.854	-.0089	.021	.0008686
-87.957	-.5030	7.937	.3114	.021	.0010583
-85.543	-.2240	9.906	-.5110	.022	.0012301
-83.585	.1437	10.38	-.2463	.023	.0012685
-84.095	.7268	11.104	-.2158	.025	.0009291
-86.873	-.0827	11.929	.7263	.027	.0011588
-83.983	-.0996	9.13	.0586	.028	.0010309
-86.640	.4948	11.869	.2933	.029	.0009363
-85.584	-.2710	11.538	.8434	.032	.0010942
-81.511	-.1860	9.922	-.0533	.032	.0009947
-86.845	-.5180	10.25	-.0429	.033	.0010382
-85.890	-.0273	10.275	-.2803	.035	.0011450
-88.307	.3212	10.773	-.2095	.035	.0011197
-84.400	-.2089	12.419	.2026	.035	.0009373
-90.105	-.1800	9.447	-.3810	.036	.0012923
-84.203	-.4308	10.478	.0819	.036	.0009666
-90.130	.1787	7.987	-.2931	.037	.0011020
-84.709	-.1406	11.086	-.4240	.040	.0010239
-85.410	.3269	11.962	-.3637	.040	.0011170
-82.145	.1591	11.803	-.5376	.042	.0009425
-85.650	-.0246	11.088	-.0275	.043	.0009526
-86.715	.4844	12.036	-.1867	.044	.0009090
-87.277	.5476	9.942	-.6659	.045	.0011203
-87.862	.1180	11.733	.2030	.045	.0009226
-87.892	.5791	9.747	.3312	.045	.0009802
-87.095	-.3165	11.042	-.2536	.047	.0012723
-84.314	-.1700	11.15	.4435	.048	.0010355
-88.170	.2334	8.624	-.1000	.049	.0009889
-86.057	.2334	7.651	-.1900	.053	.0009002
-86.866	.2617	11.875	-.3651	.054	.0010556
-88.045	.2696	9.102	.3518	.055	.0011248
-88.097	.6201	9.497	-.1430	.055	.0011707
-88.171	.3528	8.761	.5186	.057	.0010281
-83.706	.4710	9.237	-.3950	.058	.0009774
-84.371	.1502	9.218	.0485	.058	.0009440
-83.031	-.4790	7.38	.1989	.061	.0009947
-86.422	.2608	11.242	.5605	.061	.0009431
-87.630	-.6914	10.716	-.3181	.062	.0009316
-84.770	-.0812	6.781	-.0557	.062	.0011647
-86.327	-.3905	9.879	-.3399	.062	.0009148
-87.918	.6500	8.445	.1369	.062	.0009750
-83.362	-.4653	10.28	-.5781	.065	.0010666
-86.104	.7119	10.593	-.4875	.065	.0010880
-85.231	-.0588	9.142	.9253	.066	.0008249
-88.346	-.2287	6.958	-.0709	.066	.0009935
-84.947	-.1946	11.694	.5847	.067	.0009590
-88.074	-.6335	8.216	.5127	.068	.0012288
-85.007	.5973	10.69	.0915	.068	.0008560
-86.983	.2336	12.123	-.3272	.069	.0008083
-85.584	-.7493	9.386	.0818	.071	.0012803
-83.608	.2854	11.605	-.5678	.071	.0009287
-87.969	-.0729	11.391	-.1093	.072	.0011759
-86.924	-.4730	13.096	-.3733	.074	.0011702
-87.271	.0711	12.763	-.2741	.074	.0011257
-89.350	.0907	11.017	-.1953	.075	.0009314
-84.735	.7533	8.693	-.2393	.075	.0009252
-87.590	-.0592	10.278	-.5134	.077	.0010864
-86.264	-.3140	7.906	-.5256	.077	.0010815
-83.175	.5371	9.099	-.3720	.079	.0009492
-86.861	.5252	6.931	.1271	.079	.0009732
-84.820	.1441	10.475	.0509	.079	.0010498
-88.006	.1163	9.486	.5080	.079	.0009927
-82.103	.2969	10.262	-.4523	.083	.0011004
-89.791	.1774	9.431	.1895	.083	.0009696
-85.259	.5593	9.951	.4529	.083	.0009800
-84.573	-.2884	11.637	-.0313	.084	.0009995
-85.910	-.2775	8.879	.3781	.085	.0007991
-82.775	-.0738	11.838	.2745	.086	.0010817
-87.652	-.1645	11.03	-.5629	.089	.0010009
-86.160	.0107	7.843	-.3154	.090	.0010418
-86.166	-.0112	8.894	-.4714	.090	.0012073
-85.948	-.4944	7.29	-.0386	.091	.0012137
-85.963	-.2112	7.305	.0227	.091	.0010469
-87.056	.2868	9.951	.7912	.093	.0010959
-83.642	-.0373	8.168	-.7656	.095	.0011303
-85.189	.4418	10.467	.7444	.096	.0012529
-87.052	-.1763	10.259	.0260	.097	.0008413
-82.860	-.3628	8.429	.0955	.097	.0008521
-87.384	-.4452	11.37	-.4610	.098	.0008306
-85.981	-.2734	6.969	.3563	.100	.0009495
-83.408	-.0063	8.41	.6899	.101	.0010299
-88.892	-.3499	12.059	-.0714	.102	.0010930
-85.677	.1065	7.301	.3951	.103	.0010257
-88.354	-.2514	10.329	-.3290	.104	.0011742
-85.603	.3773	7.776	.3140	.105	.0009087
-84.969	-.1705	12.009	-.0017	.105	.0009728
-82.389	.0458	11.279	-.3828	.105	.0008346
-88.823	.0993	7.557	.1517	.105	.0011172
-87.949	.3766	9.284	.2158	.105	.0011987
-83.687	-.6779	9.801	-.4805	.105	.0011044
-84.760	-.0817	10.221	-.6450	.106	.0011360
-84.866	.2332	8.145	.0566	.108	.0009359
-83.361	-.0428	9.68	.8104	.110	.0009390
-87.858	-.2729	8.832	-.0052	.112	.0008745
-84.307	.1506	7.855	.0420	.113	.0011016
-86.538	.1333	10.201	.0024	.114	.0010833
-85.880	.0205	10.364	.8287	.115	.0010068
-89.248	-.6194	9.002	-.0202	.116	.0012056
-85.421	-.1905	9.39	-.2060	.116	.0011678
-85.509	.1550	8.991	-.4884	.117	.0009150
-87.971	.2110	8.744	.2097	.118	.0009363
-86.351	.2993	11.016	-.7428	.119	.0009597
-87.854	-.1837	12.442	.5338	.119	.0009545
-88.566	.1581	9.652	-.4122	.120	.0010314
-85.475	-.6243	7.625	.2389	.121	.0011059
-87.171	.3792	10.105	-.9752	.121	.0012300
-87.505	-.7067	9.805	-.4852	.122	.0012069
-86.444	.2038	7.349	.5761	.122	.0011075
-84.670	-.2227	10.256	-.6638	.123	.0010360
-88.490	-.1688	9.264	-.6821	.124	.0012147
-84.001	.2880	10.685	.4317	.124	.0011630
-86.665	.1904	6.772	.1562	.125	.0012536
-82.026	.0445	8.386	-.2611	.125	.0010730
-82.466	-.0260	10.727	-.1638	.126	.0009640
-81.987	.4219	7.916	.1010	.126	.0007916
-82.018	-.4485	9.579	-.6793	.127	.0008692
-89.196	-.2680	10.33	-.1683	.130	.0010144
-85.562	.3847	7.791	.5440	.130	.0009089
-85.612	-.0755	7.223	.1072	.133	.0011402
-88.151	.5767	11.496	-.4050	.134	.0010674
-83.119	.5811	11.512	.2222	.134	.0010236
-83.343	.1264	10.644	.6257	.134	.0010112
-86.154	-.2132	9.479	.3423	.138	.0012497
-83.168	.0270	12.048	-.6445	.138	.0009162
-82.097	.0178	9.766	.2017	.140	.0009635
-86.344	.2330	10.02	-.6339	.140	.0010734
-88.589	.3963	10.536	.4441	.142	.0010376
-84.288	-.7550	10.145	.2823	.142	.0010083
-86.264	.2701	8.625	-.7245	.143	.0010267
-87.293	-.3914	9.949	.6954	.145	.0009072
-83.504	-.1343	10.315	-.3392	.145	.0010953
-89.794	-.0930	9.456	.5005	.146	.0010505
-86.420	.3759	9.118	.0476	.147	.0010058
-88.251	.4090	11.164	-.2041	.147	.0011033
-88.160	-.0719	9.323	.7822	.149	.0012931
-89.103	.1637	11.729	.5583	.149	.0010441
-89.991	-.0177	9.552	-.1841	.149	.0011828
-82.487	-.4655	10.823	-.7360	.150	.0008316
-86.597	-.6018	10.105	-.3718	.151	.0012045
-82.049	-.1997	10.841	-.1714	.152	.0009573
-84.088	-.7033	8.835	-.3239	.152	.0009769
-84.603	-.6827	9.794	-.4615	.152	.0008881
-84.830	-.0877	9.561	-.3293	.154	.0008306
-88.533	.0034	9.027	.4869	.154	.0010212
-88.421	-.1379	11.787	.0529	.155	.0012519
-88.751	-.1909	11.333	-.1692	.156	.0010891
-85.539	.6546	8.963	-.0109	.157	.0008242
-88.548	.1946	8.231	.5370	.157	.0010639
-82.806	.2713	10.962	-.0714	.158	.0010317
-83.365	-.3021	10.214	.0052	.158	.0010576
-86.966	-.6272	11.042	.0852	.159	.0010487
-85.610	-.2812	6.71	.4736	.159	.0010514
-87.148	.5611	9.617	.3379	.159	.0009411
-85.489	.0481	9.751	.2541	.160	.0012254
-83.491	-.4501	10.396	.6664	.160	.0009955
-87.528	.2593	8.245	-.2978	.160	.0008958
-90.871	-.0150	8.333	.1261	.160	.0013020
-84.099	-.4371	11.469	-.1992	.161	.0011368
-84.262	-.4703	9.287	.6393	.162	.0011981
-85.150	.4467	11.639	.6687	.162	.0011342
-85.876	-.8217	11.38	-.0149	.162	.0012122
-88.600	-.1802	7.447	.0731	.162	.0009042
-83.705	.1147	9.666	-.2825	.162	.0012597
-86.786	.2143	8.864	-.0326	.164	.0012947
-85.772	-.2729	11.609	.2671	.164	.0010831
-89.407	.2021	9.943	-.5895	.165	.0009852
-87.575	-.2191	9.491	-.0073	.165	.0011586
-85.311	-.1069	12.743	-.6513	.167	.0010556
-86.772	-.0380	12.287	-.8488	.167	.0012667
-83.048	-.0380	9.82	-.1241	.167	.0009127
-86.058	.4283	9.452	.1433	.168	.0009731
-83.483	-.0212	11.526	-.4794	.168	.0008568
-83.072	-.2001	9.1	.5531	.168	.0009728
-86.801	.1323	7.051	.4119	.168	.0009870
-87.927	-.3304	11.12	.7603	.169	.0010721
-83.013	.2717	9.125	.3492	.169	.0008516
-87.489	-.0073	8.789	-.4745	.170	.0010127
-84.970	.2397	9.86	.2587	.170	.0010788
-86.095	-.0876	10.244	.4115	.171	.0009551
-87.762	.1762	11.573	.0847	.173	.0010368
-85.648	-.1086	12.378	-.0994	.175	.0010285
-84.266	.5109	10.46	.8649	.176	.0008960
-84.137	.1772	9.441	.5683	.176	.0012763
-82.422	.1053	8.211	.1875	.176	.0008464
-85.838	-.6217	8.417	.3454	.176	.0011934
-85.978	.3775	9.358	-.7790	.177	.0012080
-86.140	-.2920	11.362	-.1105	.178	.0009890
-82.303	-.0352	12.683	-.0331	.178	.0009182
-84.933	.3597	9.906	.8703	.178	.0009161
-84.904	.1495	13.544	.4532	.179	.0010296
-83.771	-.0137	8.919	.6341	.179	.0008676
-85.094	-.3785	8.114	.1184	.183	.0009737
-88.064	-.0098	8.828	-.3887	.183	.0009110
-83.141	.2621	11.901	-.2342	.185	.0010214
-88.530	.2040	7.484	.4265	.186	.0012072
-84.778	.2393	9.142	.3066	.187	.0011158
-82.969	.1864	10.537	.3586	.187	.0009891
-85.204	.4962	9.25	-.5111	.188	.0012649
-83.020	-.1539	10.438	-.1924	.189	.0008840
-89.950	.2472	9.484	-.0063	.190	.0012354
-86.124	.3244	9.56	.6919	.190	.0010268
-85.427	.5414	9.898	.5621	.190	.0009393
-89.174	.2455	12.265	.3704	.191	.0010852
-85.077	-.2800	7.519	.0209	.193	.0009733
-88.627	.0741	9.721	.2666	.193	.0009659
-86.850	.0309	6.952	-.2524	.195	.0009150
-85.293	-.5339	10.018	.1772	.195	.0008310
-86.955	-.5255	7.196	.3786	.197	.0010871
-85.810	-.1168	11.398	.0567	.197	.0012605
-86.931	-.2428	8.977	-.8764	.199	.0012519
-84.427	-.6549	7.87	-.0534	.200	.0008758
-88.048	-.0217	11.991	-.2946	.201	.0011434
-87.053	.4511	8.255	.2948	.202	.0011351
-84.115	-.7706	8.778	-.0627	.203	.0010806
-87.366	.0558	7.87	-.7517	.203	.0010829
-83.474	-.1694	7.386	.0138	.204	.0011941
-84.023	-.1881	12.281	-.2975	.204	.0009450
-85.380	-.1908	10.976	-.4853	.205	.0011441
-84.827	.3394	12.469	.7380	.205	.0009298
-83.735	-.4307	11.514	-.4817	.205	.0008168
-85.656	.4681	9.525	-.6362	.206	.0010164
-87.435	.1686	11.896	-.7653	.206	.0011233
-90.315	.0670	10.891	.4801	.206	.0011514
-84.992	-.2712	6.83	-.2659	.206	.0009840
-86.876	-.4521	12.445	-.4489	.207	.0009812
-85.101	.1419	9.367	-.5394	.208	.0010682
-87.358	.2471	9.041	-.6813	.210	.0008786
-84.357	.0420	11.296	.2985	.211	.0009578
-83.858	-.5067	10.375	-.0121	.212	.0011805
-84.271	-.1454	7.793	-.2103	.212	.0011425
-85.545	.0553	9.86	.7300	.212	.0011834
-84.551	.1890	9.692	.5663	.213	.0010095
-87.402	-.5413	12.141	-.2721	.213	.0009691
-86.975	-.6003	10.776	.7240	.214	.0010845
-87.013	-.2117	10.963	.4483	.215	.0011270
-85.840	.1010	7.71	.3934	.215	.0010449
-86.405	-.0630	10.626	-.1609	.216	.0010998
-86.888	-.3421	11.864	-.4938	.217	.0011209
-84.125	-.1534	12.426	.6711	.217	.0010875
-86.539	.0583	8.481	-.5584	.217	.0010150
-89.507	.1083	10.63	.0387	.217	.0011244
-84.889	.3558	9.867	.5226	.218	.0011298
-86.473	-.2968	7.692	.8320	.218	.0010925
-89.623	-.6080	10.546	-.0986	.218	.0011037
-82.263	.3488	11.752	.1758	.220	.0010177
-85.781	-.4249	10.95	-.2627	.221	.0010311
-83.806	-.5186	9.397	-.0731	.221	.0010092
-84.341	-.5323	11.64	-.0178	.223	.0010952
-85.093	-.0270	11.734	.7770	.223	.0009379
-87.102	.2435	10.058	-.6216	.224	.0009293
-87.375	-.2214	10.898	-.0756	.225	.0009691
-88.774	.4162	10.817	.6207	.225	.0010806
-88.429	-.2964	9.23	-.4208	.225	.0011717
-85.177	.5157	10.084	.0931	.226	.0011052
-82.059	.1734	9.597	.7644	.227	.0008271
-84.408	-.4021	11.029	-.3387	.229	.0012622
-85.610	-.1239	9.102	.5057	.230	.0010790
-87.188	.4647	10.047	.4636	.231	.0012457
-89.727	.5625	8.804	-.0307	.232	.0012412
-83.884	.0487	12.51	-.3293	.233	.0010227
-81.989	.0701	11.649	-.3159	.234	.0009234
-87.555	.1153	11.754	.0646	.234	.0008827
-88.501	-.1405	7.072	-.0989	.234	.0011395
-87.882	-.3842	9.313	.5995	.235	.0010557
-84.190	-.0478	7.181	.4835	.236	.0011380
-86.451	-.2430	10.094	-.2976	.237	.0010384
-83.307	.3432	9.874	.2306	.237	.0011406
-85.153	.2701	13.698	-.2834	.238	.0008867
-84.586	.0264	7.413	-.1699	.238	.0009662
-82.275	-.4076	9.874	-.1118	.238	.0008905
-85.261	-.2807	10.473	-.0526	.242	.0012250
-84.265	.1738	7.468	.0285	.242	.0010138
-85.033	.0043	11.025	-.0451	.242	.0011067
-83.362	-.1796	8.266	-.7944	.244	.0008364
-83.893	-.3142	9.405	-.3203	.244	.0009079
-89.928	-.1892	10.428	.3706	.245	.0010048
-81.775	.2093	7.643	.2139	.245	.0008843
-86.095	.2995	7.485	-.6938	.246	.0008665
-86.955	-.0456	9.128	-.4304	.247	.0012002
-86.733	.0219	10.042	-.0134	.248	.0009048
-83.616	-.2541	10.041	.6590	.251	.0012505
-87.931	-.1294	11.624	.3041	.251	.0010217
-83.671	.2306	12.089	.0019	.251	.0010954
-86.358	-.1044	10.15	.1470	.252	.0011836
-87.975	-.5598	11.621	-.2062	.256	.0012386
-85.985	.5003	11.221	.1890	.256	.0011265
-84.536	.2835	11.104	.1521	.257	.0011282
-83.114	-.0849	11.794	-.6118	.258	.0009453
-86.318	-.7617	9.962	.5865	.259	.0011692
-86.704	.5277	8.634	.1687	.260	.0012560
-83.998	-.4547	12.251	.1326	.260	.0010768
-88.754	-.1260	8.011	-.5508	.260	.0011388
-84.598	-.1106	10.09	.0214	.262	.0010349
-84.950	-.0853	10.253	-.0541	.262	.0011949
-84.598	.6083	7.58	-.4562	.263	.0008520
-84.898	-.3254	9.255	.6372	.263	.0011731
-85.256	.1609	13.44	.2534	.263	.0008079
-82.953	.2683	9.586	-.5545	.264	.0008852
-86.088	-.1547	11.637	-.0096	.264	.0010225
-83.644	.3398	9.443	.0928	.264	.0012559
-85.140	-.2681	12.155	.0452	.266	.0010013
-85.523	.6808	9.307	-.5820	.268	.0009627
-85.257	-.0323	10.64	-.5897	.268	.0010822
-88.559	-.3757	13.09	-.0636	.269	.0011268
-84.892	-.6872	9.911	-.0212	.269	.0008932
-90.788	.0195	9.669	.5044	.270	.0012409
-84.574	.0460	9.755	.4594	.270	.0010459
-82.823	-.2662	12.118	.6045	.270	.0007893
-84.276	-.3265	8.529	.1719	.271	.0008874
-88.295	-.3307	7.799	-.4039	.271	.0011815
-83.710	.6998	10.929	.0981	.273	.0009682
-82.198	.1312	9.791	.4125	.273	.0010048
-89.283	-.4074	10.148	.5134	.273	.0011790
-88.649	-.2803	9.377	.4303	.274	.0009111
-84.922	-.6560	8.019	.4654	.275	.0009819
-85.314	-.3027	9.977	-.7813	.276	.0010608
-86.771	.3880	9.221	.0688	.276	.0011348
-87.955	-.4895	10.896	-.5626	.276	.0011478
-83.657	.0464	9.708	.4929	.277	.0011649
-87.305	-.4932	9.302	-.2304	.277	.0010396
-87.065	.1272	8.311	.1245	.277	.0010583
-83.098	-.6343	10.026	.2009	.278	.0009390
-86.585	-.5837	8.347	.6548	.279	.0010472
-87.069	-.6953	10.183	-.2341	.280	.0011000
-86.128	-.2395	10.41	.0020	.281	.0010026
-84.514	-.2662	11.532	-.0061	.281	.0010360
-86.770	.1434	10.918	.4617	.281	.0010793
-84.910	-.4072	11.078	.3431	.282	.0009006
-83.996	.1363	11.605	.6108	.283	.0012372
-86.678	-.4295	7.343	.0840	.286	.0012160
-84.333	-.1872	10.037	-.0988	.287	.0012005
-82.147	-.0287	8.908	.7125	.287	.0008888
-84.840	-.4739	8.828	.7360	.287	.0008091
-87.170	-.3363	10.825	-.4028	.288	.0007920
-89.274	.2450	8.098	.1305	.288	.0012283
-83.592	.0037	11.05	.4014	.289	.0011115
-85.369	-.4044	8.616	.3467	.291	.0008977
-84.537	.1852	10.648	-.8439	.293	.0011781
-88.476	-.1909	10.347	.5219	.295	.0011522
-86.249	.2845	9.582	-.1651	.295	.0011212
-85.801	.4819	12.488	-.1897	.298	.0011064
-87.527	.3163	10.55	.2268	.300	.0010511
-85.034	-.0417	11.15	-.5783	.305	.0009608
-82.648	.3325	10.087	.0853	.307	.0009732
-85.644	.1130	9.395	1.0202	.307	.0011386
-88.037	-.0635	9.473	.0497	.309	.0008341
-88.087	.5737	8.722	.1449	.311	.0009129
-85.932	-.0709	12.146	-.7044	.312	.0010876
-86.906	-.5190	7.256	-.1929	.313	.0008305
-88.356	.1635	9.724	-.3638	.313	.0009891
-85.949	.0531	8.591	-.1694	.314	.0010034
-87.371	-.6132	8.792	.5635	.315	.0012299
-85.114	-.3612	11.752	.0217	.315	.0012982
-87.633	-.4412	11.284	-.1936	.317	.0010809
-87.312	.5069	11.247	-.6189	.318	.0010578
-86.129	.2427	8.396	-.3264	.319	.0009418
-83.416	.6485	9.623	.0049	.320	.0011525
-87.388	.2174	10.846	-.3313	.320	.0010363
-87.591	-.2660	7.398	-.2001	.322	.0011871
-83.959	.6884	10.637	-.2391	.322	.0011078
-86.362	.0163	11.917	.5322	.322	.0011569
-85.163	.0898	10.462	.4144	.323	.0011694
-85.302	-.1216	8.103	-.6377	.323	.0009789
-86.384	-.1548	12.902	.3881	.323	.0012301
-89.185	-.0596	9.403	.0224	.325	.0009710
-87.901	.2770	7.86	.0707	.325	.0008040
-85.583	.0224	8.949	.8217	.326	.0012721
-85.942	-.4749	9.371	.5143	.327	.0008550
-87.917	.1512	10.988	.6147	.327	.0012188
-88.519	-.1748	9.773	.2413	.328	.0009243
-85.715	-.0885	10.84	.4403	.329	.0009545
-85.314	.5470	11.25	-.0159	.329	.0009770
-83.558	.2475	8.514	-.0350	.331	.0008700
-88.570	-.5589	10.75	-.0694	.333	.0012657
-84.940	.1028	9.43	-.3860	.334	.0011622
-85.010	.7498	10.955	-.0396	.336	.0010221
-85.276	-.7202	8.5	.0490	.336	.0009597
-83.051	.4438	11.22	-.5311	.337	.0009377
-85.170	-.2371	9.429	-.1993	.337	.0008239
-85.507	.0944	12.522	-.0526	.338	.0010563
-83.292	.0438	11.631	-.1151	.339	.0008886
-83.661	.1667	12.224	.5595	.339	.0009294
-86.272	.6978	9.924	.1679	.340	.0011001
-86.477	-.0359	8.067	.2564	.341	.0012419
-88.363	-.2201	7.595	-.0772	.343	.0012356
-86.747	-.0128	8.255	-.0365	.344	.0009206
-83.283	.3704	10.521	-.2508	.344	.0010122
-83.593	-.1981	9.292	.5393	.344	.0010237
-89.512	.3208	10.803	-.0934	.344	.0009289
-84.313	-.3158	10.388	-.5232	.344	.0010206
-85.503	.1417	6.9	-.0561	.345	.0009777
-83.172	.4216	9.252	.5000	.346	.0008396
-90.018	.0731	9.67	.3204	.346	.0010938
-87.976	.1901	10.192	.1301	.347	.0008251
-86.832	.2996	12.202	-.6358	.347	.0011634
-88.286	-.1246	8.857	.6354	.348	.0011111
-87.840	.2245	7.87	.3923	.348	.0012294
-86.669	-.5062	10.823	.2407	.348	.0010033
-83.813	-.3307	11.896	.0268	.349	.0011522
-86.999	-.2637	13.009	-.1718	.349	.0009151
-85.502	.1955	13.287	.1401	.350	.0011353
-86.925	-.1887	9.675	-.2600	.350	.0012404
-86.682	-.1291	10.975	-.5421	.351	.0011680
-86.728	-.4189	9.554	.1766	.351	.0011067
-86.205	-.4488	9.384	-.8810	.351	.0011118
-85.679	-.3068	12.063	-.8156	.353	.0011900
-85.922	-.1121	11.716	-.3089	.353	.0012019
-87.661	-.5723	8.883	.3212	.353	.0008337
-83.278	.6199	11.039	-.0368	.354	.0009134
-84.036	-.2556	13.215	.4754	.356	.0009716
-85.961	.2499	6.5	-.2951	.357	.0008783
-86.573	-.2365	8.637	.1407	.358	.0009274
-87.051	-.3148	8.322	.2189	.359	.0010360
-83.987	-.3008	10.083	.0013	.359	.0010045
-87.357	.2058	10.85	.2622	.360	.0009482
-84.244	-.7636	9.37	-.1272	.362	.0010577
-86.373	-.4705	10.921	-.7819	.363	.0008451
-84.122	-.4448	9.919	-.4346	.363	.0011884
-85.321	-.4799	7.164	.0098	.364	.0010745
-86.850	-.5976	10.386	-.0450	.365	.0012050
-88.644	-.2062	8.962	-.1755	.366	.0010353
-85.799	-.5292	8.835	.4386	.371	.0011416
-87.028	-.5098	8.702	-.5488	.372	.0009565
-87.649	.3943	12.283	-.4779	.372	.0010687
-87.740	.4034	11.238	.5032	.373	.0012519
-90.070	.2178	11.024	-.3313	.373	.0012249
-84.583	.0624	12.785	-.7055	.378	.0010823
-82.236	.0372	7.825	-.5527	.378	.0008867
-87.384	.0050	12.663	-.0078	.378	.0011270
-86.296	-.2943	11.898	-.0649	.378	.0008712
-87.537	.3351	11.316	.4521	.378	.0011786
-82.605	-.0290	11.204	-.2327	.379	.0008965
-85.055	-.3617	6.612	-.2101	.380	.0009734
-84.565	.5515	8.331	.2356	.380	.0012452
-88.077	.2104	10.505	.3311	.381	.0011418
-84.119	-.1808	9.016	.8450	.381	.0010360
-85.808	.0465	8.157	.8848	.381	.0010662
-84.859	.0737	6.903	-.3415	.383	.0009963
-86.566	.1687	9.84	.3701	.384	.0012000
-87.116	-.1734	8.483	.5277	.384	.0012137
-84.295	.4988	7.724	.1826	.385	.0011920
-88.615	.0868	12.532	.0284	.386	.0011134
-88.734	.1858	9.851	.4111	.388	.0009341
-85.800	-.0362	11.28	.1133	.388	.0010365
-86.429	-.0038	12.44	-.5335	.388	.0011767
-82.730	-.2255	7.603	.3550	.388	.0009770
-85.896	.3243	10.941	.1059	.388	.0011348
-85.420	-.4621	10.157	.4464	.389	.0010042
-86.539	-.5413	6.944	-.1512	.390	.0010868
-85.516	.1004	9.57	-.9614	.390	.0009874
-85.663	-.1689	8.522	.5937	.390	.0009759
-85.772	-.6838	8.346	-.3303	.391	.0008868
-84.413	.4263	10.915	-.2837	.391	.0009185
-87.559	-.1089	7.872	-.7485	.393	.0011028
-88.679	.0957	9.606	.4317	.393	.0008340
-82.083	-.3509	11.579	.1791	.394	.0009996
-88.670	.2259	11.833	.1898	.394	.0012386
-87.599	-.1625	7.181	-.2957	.395	.0009876
-89.252	.1466	10.009	-.8228	.395	.0012159
-86.037	-.3137	10.269	-.7609	.395	.0010876
-86.334	.3295	12.421	.6568	.396	.0008981
-83.002	.2549	10.08	-.3490	.396	.0009911
-84.249	.1131	11.152	.0861	.396	.0009127
-85.240	-.0611	6.602	-.4908	.396	.0010872
-80.930	-.2106	9.74	-.0348	.398	.0009456
-84.465	-.4063	12.315	.2943	.399	.0010659
-86.491	.4554	11.311	.3862	.399	.0010907
-85.707	.3140	11.498	-.9071	.400	.0010853
-84.619	-.2690	10.628	-.4488	.400	.0011443
-86.670	-.3472	10.287	-.4334	.402	.0010752
-88.146	.0911	7.12	-.0298	.402	.0011082
-85.659	-.5247	10.883	-.7728	.403	.0011704
-86.899	.3874	9.462	.5778	.404	.0010111
-87.616	.5860	9.917	-.6588	.404	.0012007
-88.815	-.0914	10.378	.0198	.404	.0011548
-84.767	-.6479	9.71	.0882	.405	.0009734
-84.794	.2151	11.021	.9068	.405	.0011325
-86.309	.2444	9.963	-.1196	.406	.0009756
-83.389	-.3658	12.621	.0802	.406	.0010327
-83.468	.0658	11.734	-.1185	.406	.0012928
-85.633	-.5070	9.526	.7620	.406	.0010151
-85.211	.3248	10.011	-.2909	.409	.0011461
